4138 1
4139 1
4140 1
4141 1
4142 1
4143 1
4144 1
4145 1
4146 1
4147 1
4148 1
4149 1
4150 1
4151 1
4152 1
4153 1
4154 1
4155 1
4156 1
4157 1
4158 1
4159 1
4160 1
4161 1
4162 1
4163 1
4164 1
4165 1
4166 1
4167 1
4168 1
4169 1
4170 1
4171 1
4172 1
4173 1
4174 1
4175 1
4176 1
4177 1
4178 1
4179 1
4180 1
4181 1
4182 1
4183 1
4184 1
4185 1
4186 1
4187 1
4188 1
4189 1
4190 1
4191 1
4192 1
4193 1
4194 1
4195 1
4196 1
4197 1
4198 1
4199 1
4200 1
4201 1
4202 1
4203 1
4204 1
4205 1
4206 1
4207 1
4208 1
4209 1
4210 1
4211 1
4212 1
4213 1
4214 1
4215 1
4216 1
4217 1
4218 1
4219 1
4220 1
4221 1
4222 1
4223 1
4224 1
4225 1
4226 1
4227 1
4228 1
4229 1
4230 1
4231 1
4232 1
4233 1
4234 1
4235 1
4236 1
4237 1
4238 1
4239 1
4240 1
4241 1
4242 1
4243 1
4244 1
4245 1
4246 1
4247 1
4248 1
4249 1
4250 1
4251 1
4252 1
4253 1
4254 1
4255 1
4256 1
4257 1
4258 1
4259 1
4260 1
4261 1
4262 1
4263 1
4264 1
4265 1
4266 1
4267 1
4268 1
4269 1
4270 1
4271 1
4272 1
4273 1
4274 1
4275 1
4276 1
4277 1
4278 1
4279 1
4280 1
4281 1
4282 1
4283 1
4284 1
4285 1
4286 1
4287 1
4288 1
4289 1
4290 1
4291 1
4292 1
4293 1
4294 1
4295 1
4296 1
4297 1
4298 1
4299 1
4300 1
4301 1
4302 1
4303 1
4304 1
4305 1
4306 1
4307 1
4308 1
4309 1
4310 1
4311 1
4312 1
4313 1
4314 1
4315 1
4316 1
4317 1
4318 1
4319 1
4320 1
4321 1
4322 1
4323 1
4324 1
4325 1
4326 1
4327 1
4328 1
4329 1
4330 1
4331 1
4332 1
4333 1
4334 1
4335 1
4336 1
4337 1
4338 1
4339 1
4340 1
4341 1
4342 1
4343 1
4344 1
4345 1
4346 1
4347 1
4348 1
4349 1
4350 1
4351 1
4352 1
4353 1
4354 1
4355 1
4356 1
4357 1
4358 1
4359 1
4360 1
4361 1
4362 1
4363 1
4364 1
4365 1
4366 1
4367 1
4368 1
4369 1
4370 1
4371 1
4372 1
4373 1
4374 1
4375 1
4376 1
4377 1
4378 1
4379 1
4380 1
4381 1
4382 1
4383 1
4384 1
4385 1
4386 1
4387 1
4388 1
4389 1
4390 1
4391 1
4392 1
4393 1
4394 1
4395 1
4396 1
4397 1
4398 1
4399 1
4400 1
4401 1
4402 1
4403 1
4404 1
4405 1
4406 1
4407 1
4408 1
4409 1
4410 1
4411 1
4412 1
4413 1
4414 1
4415 1
4416 1
4417 1
4418 1
4419 1
4420 1
4421 1
4422 1
4423 1
4424 1
4425 1
4426 1
4427 1
4428 1
4429 1
4430 1
4431 1
4432 1
4433 1
4434 1
4435 1
4436 1
4437 1
4438 1
4439 1
4440 1
4441 1
4442 1
4443 1
4444 1
4445 1
4446 1
4447 1
4448 1
4449 1
4450 1
4451 1
4452 1
4453 1
4454 1
4455 1
4456 1
4457 1
4458 1
4459 1
4460 1
4461 1
4462 1
4463 1
4464 1
4465 1
4466 1
4467 1
4468 1
4469 1
4470 1
4471 1
4472 1
4473 1
4474 1
4475 1
4476 1
4477 1
4478 1
4479 1
4480 1
4481 1
4482 1
4483 1
4484 1
4485 1
4486 1
4487 1
4488 1
4489 1
4490 1
4491 1
4492 1
4493 1
4494 1
4495 1
4496 1
4497 1
4498 1
4499 1
4500 1
4501 1
4502 1
4503 1
4504 1
4505 1
4506 1
4507 1
4508 1
4509 1
4510 1
4511 1
4512 1
4513 1
4514 1
4515 1
4516 1
4517 1
4518 1
4519 1
4520 1
4521 1
4522 1
4523 1
4524 1
4525 1
4526 1
4527 1
4528 1
4529 1
4530 1
4531 1
4532 1
4533 1
4534 1
4535 1
4536 1
4537 1
4538 1
4539 1
4540 1
4541 1
4542 1
4543 1
4544 1
4545 1
4546 1
4547 1
4548 1
4549 1
4550 1
4551 1
4552 1
4553 1
4554 1
4555 1
4556 1
4557 1
4558 1
4559 1
4560 1
4561 1
4562 1
4563 1
4564 1
4565 1
4566 1
4567 1
4568 1
4569 1
4570 1
4571 1
4572 1
4573 1
4574 1
4575 1
4576 1
4577 1
4578 1
4579 1
4580 1
4581 1
4582 1
4583 1
4584 1
4585 1
4586 1
4587 1
4588 1
4589 1
4590 1
4591 1
4592 1
4593 1
4594 1
4595 1
4596 1
4597 1
4598 1
4599 1
4600 1
4601 1
4602 1
4603 1
4604 1
4605 1
4606 1
4607 1
4608 1
4609 1
4610 1
4611 1
4612 1
4613 1
4614 1
4615 1
4616 1
4617 1
4618 1
4619 1
4620 1
4621 1
4622 1
4623 1
4624 1
4625 1
4626 1
4627 1
4628 1
4629 1
4630 1
4631 1
4632 1
4633 1
4634 1
4635 1
4636 1
4637 1
4638 1
4639 1
4640 1
4641 1
4642 1
4643 1
4644 1
4645 1
4646 1
4647 1
4648 1
4649 1
4650 1
4651 1
4652 1
4653 1
4654 1
4655 1
4656 1
4657 1
4658 1
4659 1
4660 1
4661 1
4662 1
4663 1
4664 1
4665 1
4666 1
4667 1
4668 1
4669 1
4670 1
4671 1
4672 1
4673 1
4674 1
4675 1
4676 1
4677 1
4678 1
4679 1
4680 1
4681 1
4682 1
4683 1
4684 1
4685 1
4686 1
4687 1
4688 1
4689 1
4690 1
4691 1
4692 1
4693 1
4694 1
4695 1
4696 1
4697 1
4698 1
4699 1
4700 1
4701 1
4702 1
4703 1
4704 1
4705 1
4706 1
4707 1
4708 1
4709 1
4710 1
4711 1
4712 1
4713 1
4714 1
4715 1
4716 1
4717 1
4718 1
4719 1
4720 1
4721 1
4722 1
4723 1
4724 1
4725 1
4726 1
4727 1
4728 1
4729 1
4730 1
4731 1
4732 1
4733 1
4734 1
4735 1
4736 1
4737 1
4738 1
4739 1
4740 1
4741 1
4742 1
4743 1
4744 1
4745 1
4746 1
4747 1
4748 1
4749 1
4750 1
4751 1
4752 1
4753 1
4754 1
4755 1
4756 1
4757 1
4758 1
4759 1
4760 1
4761 1
4762 1
4763 1
4764 1
4765 1
4766 1
4767 1
4768 1
4769 1
4770 1
4771 1
4772 1
4773 1
4774 1
4775 1
4776 1
4777 1
4778 1
4779 1
4780 1
4781 1
4782 1
4783 1
4784 1
4785 1
4786 1
4787 1
4788 1
4789 1
4790 1
4791 1
4792 1
4793 1
4794 1
4795 1
4796 1
4797 1
4798 1
4799 1
4800 1
4801 1
4802 1
4803 1
4804 1
4805 1
4806 1
4807 1
4808 1
4809 1
4810 1
4811 1
4812 1
4813 1
4814 1
4815 1
4816 1
4817 1
4818 1
4819 1
4820 1
4821 1
4822 1
4823 1
4824 1
4825 1
4826 1
4827 1
4828 1
4829 1
4830 1
4831 1
4832 1
4833 1
4834 1
4835 1
4836 1
4837 1
4838 1
4839 1
4840 1
4841 1
4842 1
4843 1
4844 1
4845 1
4846 1
4847 1
4848 1
4849 1
4850 1
4851 1
4852 1
4853 1
4854 1
4855 1
4856 1
4857 1
4858 1
4859 1
4860 1
4861 1
4862 1
4863 1
4864 1
4865 1
4866 1
4867 1
4868 1
4869 1
6073 1
6074 1
6075 1
6076 1
6077 1
6078 1
6079 1
6080 1
6081 1
6082 1
6083 1
6084 1
6085 1
6086 1
6087 1
6088 1
6089 1
6090 1
6091 1
6092 1
6093 1
6094 1
6095 1
6096 1
6097 1
6098 1
6099 1
6100 1
6101 1
6102 1
6103 1
6104 1
6105 1
6106 1
6107 1
6108 1
6109 1
6110 1
6111 1
6112 1
6113 1
6114 1
6115 1
6116 1
6117 1
6118 1
6119 1
6120 1
6121 1
6122 1
6123 1
6124 1
6125 1
6126 1
6127 1
6128 1
6129 1
6130 1
6131 1
6132 1
6133 1
6134 1
6135 1
6136 1
6137 1
6138 1
6139 1
6140 1
6141 1
6142 1
6143 1
6144 1
6145 1
6146 1
6147 1
6148 1
6149 1
6150 1
6151 1
6152 1
6153 1
6154 1
6155 1
6156 1
6157 1
6158 1
6159 1
6160 1
6161 1
6162 1
6163 1
6164 1
6165 1
6166 1
6167 1
6168 1
6169 1
6170 1
6171 1
6172 1
6173 1
6174 1
6175 1
6176 1
6177 1
6178 1
6179 1
6180 1
6181 1
6182 1
6183 1
6184 1
6185 1
6186 1
6187 1
6188 1
6189 1
6190 1
6191 1
6192 1
6193 1
6194 1
6195 1
6196 1
6197 1
6198 1
6199 1
6200 1
6201 1
6202 1
6203 1
6204 1
6205 1
6206 1
6207 1
6208 1
6209 1
6210 1
6211 1
6212 1
6213 1
6214 1
6215 1
6216 1
6217 1
6218 1
6219 1
6220 1
6221 1
6222 1
6223 1
6224 1
6225 1
6226 1
6227 1
6228 1
6229 1
6230 1
6231 1
6232 1
6233 1
6234 1
6235 1
6236 1
6237 1
6238 1
6239 1
6240 1
6241 1
6242 1
6243 1
6244 1
6245 1
6246 1
6247 1
6248 1
6249 1
6250 1
6251 1
6252 1
6253 1
6254 1
6255 1
6256 1
6257 1
6258 1
6259 1
6260 1
6261 1
6262 1
6263 1
6264 1
6265 1
6266 1
6267 1
6268 1
6269 1
6270 1
6271 1
6272 1
6273 1
6274 1
6275 1
6276 1
6277 1
6278 1
6279 1
6280 1
6281 1
6282 1
6283 1
6284 1
6285 1
6286 1
6287 1
6288 1
6289 1
6290 1
6291 1
6292 1
6293 1
6294 1
6295 1
6296 1
6297 1
6298 1
6299 1
6300 1
6301 1
6302 1
6303 1
6304 1
6305 1
6306 1
6307 1
6308 1
6309 1
6310 1
6311 1
6312 1
6313 1
6314 1
6315 1
6316 1
6317 1
6318 1
6319 1
6320 1
6321 1
6322 1
6323 1
6324 1
6325 1
6326 1
6327 1
6328 1
6329 1
6330 1
6331 1
6332 1
6333 1
6334 1
6335 1
6336 1
6337 1
6338 1
6339 1
6340 1
6341 1
6342 1
6343 1
6344 1
6345 1
6346 1
6347 1
6348 1
6349 1
6350 1
6351 1
6352 1
6353 1
6354 1
6355 1
6356 1
6357 1
6358 1
6359 1
6360 1
6361 1
6362 1
6363 1
6364 1
6365 1
6366 1
6367 1
6368 1
6369 1
6370 1
6371 1
6372 1
6373 1
6374 1
6375 1
6376 1
6377 1
6378 1
6379 1
6380 1
6381 1
6382 1
6383 1
6384 1
6385 1
6386 1
6387 1
6388 1
6389 1
6390 1
6391 1
6392 1
6393 1
6394 1
6395 1
6396 1
6397 1
6398 1
6399 1
6400 1
6401 1
6402 1
6403 1
6404 1
6405 1
6406 1
6407 1
6408 1
6409 1
6410 1
6411 1
6412 1
6413 1
6414 1
6415 1
6416 1
6417 1
6418 1
6419 1
6420 1
6421 1
6422 1
6423 1
6424 1
6425 1
6426 1
6427 1
6428 1
6429 1
6430 1
6431 1
6432 1
6433 1
6434 1
6435 1
6436 1
6437 1
6438 1
6439 1
6440 1
6441 1
6442 1
6443 1
6444 1
6445 1
6446 1
6447 1
6448 1
6449 1
6450 1
6451 1
6452 1
6453 1
6454 1
6455 1
6456 1
6457 1
6458 1
6459 1
6460 1
6461 1
6462 1
6463 1
6464 1
6465 1
6466 1
6467 1
6468 1
6469 1
6470 1
6471 1
6472 1
6473 1
6474 1
6475 1
6476 1
6477 1
6478 1
6479 1
6480 1
6481 1
6482 1
6483 1
6484 1
6485 1
6486 1
6487 1
6488 1
6489 1
6490 1
6491 1
6492 1
6493 1
6494 1
6495 1
6496 1
6497 1
6498 1
6499 1
6500 1
6501 1
6502 1
6503 1
6504 1
6505 1
6506 1
6507 1
6508 1
6509 1
6510 1
6511 1
6512 1
6513 1
6514 1
6515 1
6516 1
6517 1
6518 1
6519 1
6520 1
6521 1
6522 1
6523 1
6524 1
6525 1
6526 1
6527 1
6528 1
6529 1
6530 1
6531 1
6532 1
6533 1
6534 1
6535 1
6536 1
6537 1
6538 1
6539 1
6540 1
6541 1
6542 1
6543 1
6544 1
6545 1
6546 1
6547 1
6548 1
6549 1
6550 1
6551 1
6552 1
6553 1
6554 1
6555 1
6556 1
6557 1
6558 1
6559 1
6560 1
6561 1
6562 1
8237 1
8238 1
8239 1
8240 1
8241 1
8242 1
8243 1
8244 1
8245 1
8246 1
8247 1
8248 1
8249 1
8250 1
8251 1
8252 1
8253 1
8254 1
8255 1
8256 1
8257 1
8258 1
8259 1
8260 1
8261 1
8262 1
8263 1
8264 1
8265 1
8266 1
8267 1
8268 1
8269 1
8270 1
8271 1
8272 1
8273 1
8274 1
8275 1
8276 1
8277 1
8278 1
8279 1
8280 1
8281 1
8282 1
8283 1
8284 1
8285 1
8286 1
8287 1
8288 1
8289 1
8290 1
8291 1
8292 1
8293 1
8294 1
8295 1
8296 1
8297 1
8298 1
8299 1
8300 1
8301 1
8302 1
8303 1
8304 1
8305 1
8306 1
8307 1
8308 1
8309 1
8310 1
8311 1
8312 1
8313 1
8314 1
8315 1
8316 1
8317 1
8318 1
8319 1
8320 1
8321 1
8322 1
8323 1
8324 1
8325 1
8326 1
8327 1
8328 1
8329 1
8330 1
8331 1
8332 1
8333 1
8334 1
8335 1
8336 1
8337 1
8338 1
8339 1
8340 1
8341 1
8342 1
8343 1
8344 1
8345 1
8346 1
8347 1
8348 1
8349 1
8350 1
8351 1
8352 1
8353 1
8354 1
8355 1
8356 1
8357 1
8358 1
8359 1
8360 1
8361 1
8362 1
8363 1
8364 1
8365 1
8366 1
8367 1
8368 1
8369 1
8370 1
8371 1
8372 1
8373 1
8374 1
8375 1
8376 1
8377 1
8378 1
8379 1
8380 1
8381 1
8382 1
8383 1
8384 1
8385 1
8386 1
8387 1
8388 1
8389 1
8390 1
8391 1
8392 1
8393 1
8394 1
8395 1
8396 1
8397 1
8398 1
8399 1
8400 1
8401 1
8402 1
8403 1
8404 1
8405 1
8406 1
8407 1
8408 1
8409 1
8410 1
8411 1
8412 1
8413 1
8414 1
8415 1
8416 1
8417 1
8418 1
8419 1
8420 1
8421 1
8422 1
8423 1
8424 1
8425 1
8426 1
8427 1
8428 1
8429 1
8430 1
8431 1
8432 1
8433 1
8434 1
8435 1
8436 1
8437 1
8438 1
8439 1
8440 1
8441 1
8442 1
8443 1
8444 1
8445 1
8446 1
8447 1
8448 1
8449 1
8450 1
8451 1
8452 1
8453 1
8454 1
8455 1
8456 1
8819 1
8820 1
8821 1
8822 1
8823 1
8824 1
8825 1
8826 1
8827 1
8828 1
8829 1
8830 1
8831 1
8832 1
8833 1
8834 1
8835 1
8836 1
8837 1
8838 1
8839 1
8840 1
8841 1
8842 1
8843 1
8844 1
8845 1
8846 1
8847 1
8848 1
8849 1
8850 1
8851 1
8852 1
8853 1
8854 1
8855 1
8856 1
8857 1
8858 1
8859 1
8860 1
8861 1
8862 1
8863 1
8864 1
8865 1
8866 1
8867 1
8868 1
8869 1
8870 1
8871 1
8872 1
8873 1
8874 1
8875 1
8876 1
8877 1
8878 1
8879 1
8880 1
8881 1
8882 1
8883 1
8884 1
8885 1
8886 1
8887 1
8888 1
8889 1
8890 1
8891 1
8892 1
8893 1
8894 1
8895 1
8896 1
8897 1
8898 1
8899 1
8900 1
8901 1
8902 1
8903 1
8904 1
8905 1
8906 1
8907 1
8908 1
8909 1
8910 1
8911 1
8912 1
8913 1
8914 1
8915 1
8916 1
8917 1
8918 1
8919 1
8920 1
8921 1
8922 1
8923 1
8924 1
8925 1
8926 1
8927 1
8928 1
8929 1
8930 1
8931 1
8932 1
8933 1
8934 1
8935 1
8936 1
8937 1
8938 1
8939 1
8940 1
8941 1
8942 1
8943 1
8944 1
8945 1
8946 1
8947 1
8948 1
8949 1
8950 1
8951 1
8952 1
8953 1
8954 1
8955 1
8956 1
8957 1
8958 1
8959 1
8960 1
8961 1
8962 1
8963 1
8964 1
8965 1
9209 1
9210 1
9211 1
9212 1
9213 1
9214 1
9215 1
9216 1
9217 1
9218 1
9219 1
9220 1
9221 1
9222 1
9223 1
9224 1
9225 1
9226 1
9227 1
9228 1
9229 1
9230 1
9231 1
9232 1
9233 1
9234 1
9235 1
9236 1
9237 1
9238 1
9239 1
9240 1
9241 1
9242 1
9243 1
9244 1
9245 1
9246 1
9247 1
9248 1
9249 1
9250 1
9251 1
9252 1
9253 1
9254 1
9255 1
9256 1
9257 1
9258 1
9259 1
9260 1
9261 1
9262 1
9263 1
9264 1
9265 1
9266 1
9267 1
9268 1
9269 1
9270 1
9271 1
9272 1
9273 1
9274 1
9275 1
9276 1
9277 1
9278 1
9279 1
9280 1
9281 1
9282 1
9283 1
9284 1
9285 1
9286 1
9287 1
9288 1
9289 1
9290 1
9291 1
9292 1
9293 1
9294 1
9295 1
9296 1
9297 1
9298 1
9299 1
9300 1
9301 1
9302 1
9303 1
9304 1
9305 1
9306 1
9536 1
9537 1
9538 1
9539 1
9540 1
9541 1
9542 1
9543 1
9544 1
9545 1
9546 1
9547 1
9548 1
9549 1
9550 1
9551 1
9552 1
9553 1
9554 1
9555 1
9556 1
9557 1
9558 1
9559 1
9560 1
9561 1
9562 1
9563 1
9564 1
9565 1
9566 1
9567 1
9568 1
9569 1
9570 1
9571 1
9572 1
9573 1
9574 1
9575 1
9576 1
9577 1
9578 1
9579 1
9580 1
9581 1
9582 1
9583 1
9584 1
9585 1
9586 1
9587 1
9588 1
9589 1
9590 1
9591 1
9592 1
9593 1
9645 1
9646 1
9647 1
9648 1
9649 1
9650 1
9651 1
9652 1
9653 1
9654 1
9655 1
9656 1
9657 1
9658 1
9659 1
9660 1
9661 1
9662 1
9663 1
9664 1
9665 1
9666 1
9667 1
9668 1
9669 1
9670 1
9671 1
9672 1
9673 1
9674 1
9675 1
9676 1
9677 1
9678 1
9679 1
9680 1
9681 1
9682 1
9683 1
9684 1
9685 1
9686 1
9687 1
9688 1
9918 1
9919 1
9920 1
9921 1
9922 1
9923 1
9924 1
9925 1
9926 1
9927 1
9952 1
9953 1
9954 1
9955 1
9956 1
9957 1
9971 1
9972 1
9973 1
9974 1
9988 1
9990 1
9994 1
9998 1
