0 0
1 0
2 0
3 0
4 0
5 0
6 0
7 0
8 0
9 0
10 0
11 0
12 0
13 0
14 0
15 0
16 0
17 0
18 0
19 0
20 0
21 0
22 0
23 0
24 0
25 0
26 0
27 0
28 0
29 0
30 0
31 0
32 0
33 0
34 0
35 0
36 0
37 0
38 0
39 0
40 0
41 0
42 0
43 0
44 0
45 0
46 0
47 0
48 0
49 0
50 0
51 0
52 0
53 0
54 0
55 0
56 0
57 0
58 0
59 0
60 0
61 0
62 0
63 0
64 0
65 0
66 0
67 0
68 0
69 0
70 0
71 0
72 0
73 0
74 0
75 0
76 0
77 0
78 0
79 0
80 0
81 0
82 0
83 0
84 0
85 0
86 0
87 0
88 0
89 0
90 0
91 0
92 0
93 0
94 0
95 0
96 0
97 0
98 0
99 0
100 0
101 0
102 0
103 0
104 0
105 0
106 0
107 0
108 0
109 0
110 0
111 0
112 0
113 0
114 0
115 0
116 0
117 0
118 0
119 0
120 0
121 0
122 0
123 0
124 0
125 0
126 0
127 0
128 0
129 0
130 0
131 0
132 0
133 0
134 0
135 0
136 0
137 0
138 0
139 0
140 0
141 0
142 0
143 0
144 0
145 0
146 0
147 0
148 0
149 0
150 0
151 0
152 0
153 0
154 0
155 0
156 0
157 0
158 0
159 0
160 0
161 0
162 0
163 0
164 0
165 0
166 0
167 0
168 0
169 0
170 0
171 0
172 0
173 0
174 0
175 0
176 0
177 0
178 0
179 0
180 0
181 0
182 0
183 0
184 0
185 0
186 0
187 0
188 0
189 0
190 0
191 0
192 0
193 0
194 0
195 0
196 0
197 0
198 0
199 0
200 0
201 0
202 0
203 0
204 0
205 0
206 0
207 0
208 0
209 0
210 0
211 0
212 0
213 0
214 0
215 0
216 0
217 0
218 0
219 0
220 0
221 0
222 0
223 0
224 0
225 0
226 0
227 0
228 0
229 0
230 0
231 0
232 0
233 0
234 0
235 0
236 0
237 0
238 0
239 0
240 0
241 0
242 0
243 0
244 0
245 0
246 0
247 0
248 0
249 0
250 0
251 0
252 0
253 0
254 0
255 0
256 0
257 0
258 0
259 0
260 0
261 0
262 0
263 0
264 0
265 0
266 0
267 0
268 0
269 0
270 0
271 0
272 0
273 0
274 0
275 0
276 0
277 0
278 0
279 0
280 0
281 0
282 0
283 0
284 0
285 0
286 0
287 0
288 0
289 0
290 0
291 0
292 0
293 0
294 0
295 0
296 0
297 0
298 0
299 0
300 0
301 0
302 0
303 0
304 0
305 0
306 0
307 0
308 0
309 0
310 0
311 0
312 0
313 0
314 0
315 0
316 0
317 0
318 0
319 0
320 0
321 0
322 0
323 0
324 0
325 0
326 0
327 0
328 0
329 0
330 0
331 0
332 0
333 0
334 0
335 0
336 0
337 0
338 0
339 0
340 0
341 0
342 0
343 0
344 0
345 0
346 0
347 0
348 0
349 0
350 0
351 0
352 0
353 0
354 0
355 0
356 0
357 0
358 0
359 0
360 0
361 0
362 0
363 0
364 0
365 0
366 0
367 0
368 0
369 0
370 0
371 0
372 0
373 0
374 0
375 0
376 0
377 0
378 0
379 0
380 0
381 0
382 0
383 0
384 0
385 0
386 0
387 0
388 0
389 0
390 0
391 0
392 0
393 0
394 0
395 0
396 0
397 0
398 0
399 0
400 0
401 0
402 0
403 0
404 0
405 0
406 0
407 0
408 0
409 0
410 0
411 0
412 0
413 0
414 0
415 0
416 0
417 0
418 0
419 0
420 0
421 0
422 0
423 0
424 0
425 0
426 0
427 0
428 0
429 0
430 0
431 0
432 0
433 0
434 0
435 0
436 0
437 0
438 0
439 0
440 0
441 0
442 0
443 0
444 0
445 0
446 0
447 0
448 0
449 0
450 0
451 0
452 0
453 0
454 0
455 0
456 0
457 0
458 0
459 0
460 0
461 0
462 0
463 0
464 0
465 0
466 0
467 0
468 0
469 0
470 0
471 0
472 0
473 0
474 0
475 0
476 0
477 0
478 0
479 0
480 0
481 0
482 0
483 0
484 0
485 0
486 0
487 0
488 0
489 0
490 0
491 0
492 0
493 0
494 0
495 0
496 0
497 0
498 0
499 0
500 0
501 0
502 0
503 0
504 0
505 0
506 0
507 0
508 0
509 0
510 0
511 0
512 0
513 0
514 0
515 0
516 0
517 0
518 0
519 0
520 0
521 0
522 0
523 0
524 0
525 0
526 0
527 0
528 0
529 0
530 0
531 0
532 0
533 0
534 0
535 0
536 0
537 0
538 0
539 0
540 0
541 0
542 0
543 0
544 0
545 0
546 0
547 0
548 0
549 0
550 0
551 0
552 0
553 0
554 0
555 0
556 0
557 0
558 0
559 0
560 0
561 0
562 0
563 0
564 0
565 0
566 0
567 0
568 0
569 0
570 0
571 0
572 0
573 0
574 0
575 0
576 0
577 0
578 0
579 0
580 0
581 0
582 0
583 0
584 0
585 0
586 0
587 0
588 0
589 0
590 0
591 0
592 0
593 0
594 0
595 0
596 0
597 0
598 0
599 0
600 0
601 0
602 0
603 0
604 0
605 0
606 0
607 0
608 0
609 0
610 0
611 0
612 0
613 0
614 0
615 0
616 0
617 0
618 0
619 0
620 0
621 0
622 0
623 0
624 0
625 0
626 0
627 0
628 0
629 0
630 0
631 0
632 0
633 0
634 0
635 0
636 0
637 0
638 0
639 0
640 0
641 0
642 0
643 0
644 0
645 0
646 0
647 0
648 0
649 0
650 0
651 0
652 0
653 0
654 0
655 0
656 0
657 0
658 0
659 0
660 0
661 0
662 0
663 0
664 0
665 0
666 0
667 0
668 0
669 0
670 0
671 0
672 0
673 0
674 0
675 0
676 0
677 0
678 0
679 0
680 0
681 0
682 0
683 0
684 0
685 0
686 0
687 0
688 0
689 0
690 0
691 0
692 0
693 0
694 0
695 0
696 0
697 0
698 0
699 0
700 0
701 0
702 0
703 0
704 0
705 0
706 0
707 0
708 0
709 0
710 0
711 0
712 0
713 0
714 0
715 0
716 0
717 0
718 0
719 0
720 0
721 0
722 0
723 0
724 0
725 0
726 0
727 0
728 0
729 0
730 0
731 0
732 0
733 0
734 0
735 0
736 0
737 0
738 0
739 0
740 0
741 0
742 0
743 0
744 0
745 0
746 0
747 0
748 0
749 0
750 0
751 0
752 0
753 0
754 0
755 0
756 0
757 0
758 0
759 0
760 0
761 0
762 0
763 0
764 0
765 0
766 0
767 0
768 0
769 0
770 0
771 0
772 0
773 0
774 0
775 0
776 0
777 0
778 0
779 0
780 0
781 0
782 0
783 0
784 0
785 0
786 0
787 0
788 0
789 0
790 0
791 0
792 0
793 0
794 0
795 0
796 0
797 0
798 0
799 0
800 0
801 0
802 0
803 0
804 0
805 0
806 0
807 0
808 0
809 0
810 0
811 0
812 0
813 0
814 0
815 0
816 0
817 0
818 0
819 0
820 0
821 0
822 0
823 0
824 0
825 0
826 0
827 0
828 0
829 0
830 0
831 0
832 0
833 0
834 0
835 0
836 0
837 0
838 0
839 0
840 0
841 0
842 0
843 0
844 0
845 0
846 0
847 0
848 0
849 0
850 0
851 0
852 0
853 0
854 0
855 0
856 0
857 0
858 0
859 0
860 0
861 0
862 0
863 0
864 0
865 0
866 0
867 0
868 0
869 0
870 0
871 0
872 0
873 0
874 0
875 0
876 0
877 0
878 0
879 0
880 0
881 0
882 0
883 0
884 0
885 0
886 0
887 0
888 0
889 0
890 0
891 0
892 0
893 0
894 0
895 0
896 0
897 0
898 0
899 0
900 0
901 0
902 0
903 0
904 0
905 0
906 0
907 0
908 0
909 0
910 0
911 0
912 0
913 0
914 0
915 0
916 0
917 0
918 0
919 0
920 0
921 0
922 0
923 0
924 0
925 0
926 0
927 0
928 0
929 0
930 0
931 0
932 0
933 0
934 0
935 0
936 0
937 0
938 0
939 0
940 0
941 0
942 0
943 0
944 0
945 0
946 0
947 0
948 0
949 0
950 0
951 0
952 0
953 0
954 0
955 0
956 0
957 0
958 0
959 0
960 0
961 0
962 0
963 0
964 0
965 0
966 0
967 0
968 0
969 0
970 0
971 0
972 0
973 0
974 0
975 0
976 0
977 0
978 0
979 0
980 0
981 0
982 0
983 0
984 0
985 0
986 0
987 0
988 0
989 0
990 0
991 0
992 0
993 0
994 0
995 0
996 0
997 0
998 0
999 0
1000 0
1001 0
1002 0
1003 0
1004 0
1005 0
1006 0
1007 0
1008 0
1009 0
1010 0
1011 0
1012 0
1013 0
1014 0
1015 0
1016 0
1017 0
1018 0
1019 0
1020 0
1021 0
1022 0
1023 0
1024 0
1025 0
1026 0
1027 0
1028 0
1029 0
1030 0
1031 0
1032 0
1033 0
1034 0
1035 0
1036 0
1037 0
1038 0
1039 0
1040 0
1041 0
1042 0
1043 0
1044 0
1045 0
1046 0
1047 0
1048 0
1049 0
1050 0
1051 0
1052 0
1053 0
1054 0
1055 0
1056 0
1057 0
1058 0
1059 0
1060 0
1061 0
1062 0
1063 0
1064 0
1065 0
1066 0
1067 0
1068 0
1069 0
1070 0
1071 0
1072 0
1073 0
1074 0
1075 0
1076 0
1077 0
1078 0
1079 0
1080 0
1081 0
1082 0
1083 0
1084 0
1085 0
1086 0
1087 0
1088 0
1089 0
1090 0
1091 0
1092 0
1093 0
1094 0
1095 0
1096 0
1097 0
1098 0
1099 0
1100 0
1101 0
1102 0
1103 0
1104 0
1105 0
1106 0
1107 0
1108 0
1109 0
1110 0
1111 0
1112 0
1113 0
1114 0
1115 0
1116 0
1117 0
1118 0
1119 0
1120 0
1121 0
1122 0
1123 0
1124 0
1125 0
1126 0
1127 0
1128 0
1129 0
1130 0
1131 0
1132 0
1133 0
1134 0
1135 0
1136 0
1137 0
1138 0
1139 0
1140 0
1141 0
1142 0
1143 0
1144 0
1145 0
1146 0
1147 0
1148 0
1149 0
1150 0
1151 0
1152 0
1153 0
1154 0
1155 0
1156 0
1157 0
1158 0
1159 0
1160 0
1161 0
1162 0
1163 0
1164 0
1165 0
1166 0
1167 0
1168 0
1169 0
1170 0
1171 0
1172 0
1173 0
1174 0
1175 0
1176 0
1177 0
1178 0
1179 0
1180 0
1181 0
1182 0
1183 0
1184 0
1185 0
1186 0
1187 0
1188 0
1189 0
1190 0
1191 0
1192 0
1193 0
1194 0
1195 0
1196 0
1197 0
1198 0
1199 0
1200 0
1201 0
1202 0
1203 0
1204 0
1205 0
1206 0
1207 0
1208 0
1209 0
1210 0
1211 0
1212 0
1213 0
1214 0
1215 0
1216 0
1217 0
1218 0
1219 0
1220 0
1221 0
1222 0
1223 0
1224 0
1225 0
1226 0
1227 0
1228 0
1229 0
1230 0
1231 0
1232 0
1233 0
1234 0
1235 0
1236 0
1237 0
1238 0
1239 0
1240 0
1241 0
1242 0
1243 0
1244 0
1245 0
1246 0
1247 0
1248 0
1249 0
1250 0
1251 0
1252 0
1253 0
1254 0
1255 0
1256 0
1257 0
1258 0
1259 0
1260 0
1261 0
1262 0
1263 0
1264 0
1265 0
1266 0
1267 0
1268 0
1269 0
1270 0
1271 0
1272 0
1273 0
1274 0
1275 0
1276 0
1277 0
1278 0
1279 0
1280 0
1281 0
1282 0
1283 0
1284 0
1285 0
1286 0
1287 0
1288 0
1289 0
1290 0
1291 0
1292 0
1293 0
1294 0
1295 0
1296 0
1297 0
1298 0
1299 0
1300 0
1301 0
1302 0
1303 0
1304 0
1305 0
1306 0
1307 0
1308 0
1309 0
1310 0
1311 0
1312 0
1313 0
1314 0
1315 0
1316 0
1317 0
1318 0
1319 0
1320 0
1321 0
1322 0
1323 0
1324 0
1325 0
1326 0
1327 0
1328 0
1329 0
1330 0
1331 0
1332 0
1333 0
1334 0
1335 0
1336 0
1337 0
1338 0
1339 0
1340 0
1341 0
1342 0
1343 0
1344 0
1345 0
1346 0
1347 0
1348 0
1349 0
1350 0
1351 0
1352 0
1353 0
1354 0
1355 0
1356 0
1357 0
1358 0
1359 0
1360 0
1361 0
1362 0
1363 0
1364 0
1365 0
1366 0
1367 0
1368 0
1369 0
1370 0
1371 0
1372 0
1373 0
1374 0
1375 0
1376 0
1377 0
1378 0
1379 0
1380 0
1381 0
1382 0
1383 0
1384 0
1385 0
1386 0
1387 0
1388 0
1389 0
1390 0
1391 0
1392 0
1393 0
1394 0
1395 0
1396 0
1397 0
1398 0
1399 0
1400 0
1401 0
1402 0
1403 0
1404 0
1405 0
1406 0
1407 0
1408 0
1409 0
1410 0
1411 0
1412 0
1413 0
1414 0
1415 0
1416 0
1417 0
1418 0
1419 0
1420 0
1421 0
1422 0
1423 0
1424 0
1425 0
1426 0
1427 0
1428 0
1429 0
1430 0
1431 0
1432 0
1433 0
1434 0
1435 0
1436 0
1437 0
1438 0
1439 0
1440 0
1441 0
1442 0
1443 0
1444 0
1445 0
1446 0
1447 0
1448 0
1449 0
1450 0
1451 0
1452 0
1453 0
1454 0
1455 0
1456 0
1457 0
1458 0
1459 0
1460 0
1461 0
1462 0
1463 0
1464 0
1465 0
1466 0
1467 0
1468 0
1469 0
1470 0
1471 0
1472 0
1473 0
1474 0
1475 0
1476 0
1477 0
1478 0
1479 0
1480 0
1481 0
1482 0
1483 0
1484 0
1485 0
1486 0
1487 0
1488 0
1489 0
1490 0
1491 0
1492 0
1493 0
1494 0
1495 0
1496 0
1497 0
1498 0
1499 0
1500 0
1501 0
1502 0
1503 0
1504 0
1505 0
1506 0
1507 0
1508 0
1509 0
1510 0
1511 0
1512 0
1513 0
1514 0
1515 0
1516 0
1517 0
1518 0
1519 0
1520 0
1521 0
1522 0
1523 0
1524 0
1525 0
1526 0
1527 0
1528 0
1529 0
1530 0
1531 0
1532 0
1533 0
1534 0
1535 0
1536 0
1537 0
1538 0
1539 0
1540 0
1541 0
1542 0
1543 0
1544 0
1545 0
1546 0
1547 0
1548 0
1549 0
1550 0
1551 0
1552 0
1553 0
1554 0
1555 0
1556 0
1557 0
1558 0
1559 0
1560 0
1561 0
1562 0
1563 0
1564 0
1565 0
1566 0
1567 0
1568 0
1569 0
1570 0
1571 0
1572 0
1573 0
1574 0
1575 0
1576 0
1577 0
1578 0
1579 0
1580 0
1581 0
1582 0
1583 0
1584 0
1585 0
1586 0
1587 0
1588 0
1589 0
1590 0
1591 0
1592 0
1593 0
1594 0
1595 0
1596 0
1597 0
1598 0
1599 0
1600 0
1601 0
1602 0
1603 0
1604 0
1605 0
1606 0
1607 0
1608 0
1609 0
1610 0
1611 0
1612 0
1613 0
1614 0
1615 0
1616 0
1617 0
1618 0
1619 0
1620 0
1621 0
1622 0
1623 0
1624 0
1625 0
1626 0
1627 0
1628 0
1629 0
1630 0
1631 0
1632 0
1633 0
1634 0
1635 0
1636 0
1637 0
1638 0
1639 0
1640 0
1641 0
1642 0
1643 0
1644 0
1645 0
1646 0
1647 0
1648 0
1649 0
1650 0
1651 0
1652 0
1653 0
1654 0
1655 0
1656 0
1657 0
1658 0
1659 0
1660 0
1661 0
1662 0
1663 0
1664 0
1665 0
1666 0
1667 0
1668 0
1669 0
1670 0
1671 0
1672 0
1673 0
1674 0
1675 0
1676 0
1677 0
1678 0
1679 0
1680 0
1681 0
1682 0
1683 0
1684 0
1685 0
1686 0
1687 0
1688 0
1689 0
1690 0
1691 0
1692 0
1693 0
1694 0
1695 0
1696 0
1697 0
1698 0
1699 0
1700 0
1701 0
1702 0
1703 0
1704 0
1705 0
1706 0
1707 0
1708 0
1709 0
1710 0
1711 0
1712 0
1713 0
1714 0
1715 0
1716 0
1717 0
1718 0
1719 0
1720 0
1721 0
1722 0
1723 0
1724 0
1725 0
1726 0
1727 0
1728 0
1729 0
1730 0
1731 0
1732 0
1733 0
1734 0
1735 0
1736 0
1737 0
1738 0
1739 0
1740 0
1741 0
1742 0
1743 0
1744 0
1745 0
1746 0
1747 0
1748 0
1749 0
1750 0
1751 0
1752 0
1753 0
1754 0
1755 0
1756 0
1757 0
1758 0
1759 0
1760 0
1761 0
1762 0
1763 0
1764 0
1765 0
1766 0
1767 0
1768 0
1769 0
1770 0
1771 0
1772 0
1773 0
1774 0
1775 0
1776 0
1777 0
1778 0
1779 0
1780 0
1781 0
1782 0
1783 0
1784 0
1785 0
1786 0
1787 0
1788 0
1789 0
1790 0
1791 0
1792 0
1793 0
1794 0
1795 0
1796 0
1797 0
1798 0
1799 0
1800 0
1801 0
1802 0
1803 0
1804 0
1805 0
1806 0
1807 0
1808 0
1809 0
1810 0
1811 0
1812 0
1813 0
1814 0
1815 0
1816 0
1817 0
1818 0
1819 0
1820 0
1821 0
1822 0
1823 0
1824 0
1825 0
1826 0
1827 0
1828 0
1829 0
1830 0
1831 0
1832 0
1833 0
1834 0
1835 0
1836 0
1837 0
1838 0
1839 0
1840 0
1841 0
1842 0
1843 0
1844 0
1845 0
1846 0
1847 0
1848 0
1849 0
1850 0
1851 0
1852 0
1853 0
1854 0
1855 0
1856 0
1857 0
1858 0
1859 0
1860 0
1861 0
1862 0
1863 0
1864 0
1865 0
1866 0
1867 0
1868 0
1869 0
1870 0
1871 0
1872 0
1873 0
1874 0
1875 0
1876 0
1877 0
1878 0
1879 0
1880 0
1881 0
1882 0
1883 0
1884 0
1885 0
1886 0
1887 0
1888 0
1889 0
1890 0
1891 0
1892 0
1893 0
1894 0
1895 0
1896 0
1897 0
1898 0
1899 0
1900 0
1901 0
1902 0
1903 0
1904 0
1905 0
1906 0
1907 0
1908 0
1909 0
1910 0
1911 0
1912 0
1913 0
1914 0
1915 0
1916 0
1917 0
1918 0
1919 0
1920 0
1921 0
1922 0
1923 0
1924 0
1925 0
1926 0
1927 0
1928 0
1929 0
1930 0
1931 0
1932 0
1933 0
1934 0
1935 0
1936 0
1937 0
1938 0
1939 0
1940 0
1941 0
1942 0
1943 0
1944 0
1945 0
1946 0
1947 0
1948 0
1949 0
1950 0
1951 0
1952 0
1953 0
1954 0
1955 0
1956 0
1957 0
1958 0
1959 0
1960 0
1961 0
1962 0
1963 0
1964 0
1965 0
1966 0
1967 0
1968 0
1969 0
1970 0
1971 0
1972 0
1973 0
1974 0
1975 0
1976 0
1977 0
1978 0
1979 0
1980 0
1981 0
1982 0
1983 0
1984 0
1985 0
1986 0
1987 0
1988 0
1989 0
1990 0
1991 0
1992 0
1993 0
1994 0
1995 0
1996 0
1997 0
1998 0
1999 0
2000 0
2001 0
2002 0
2003 0
2004 0
2005 0
2006 0
2007 0
2008 0
2009 0
2010 0
2011 0
2012 0
2013 0
2014 0
2015 0
2016 0
2017 0
2018 0
2019 0
2020 0
2021 0
2022 0
2023 0
2024 0
2025 0
2026 0
2027 0
2028 0
2029 0
2030 0
2031 0
2032 0
2033 0
2034 0
2035 0
2036 0
2037 0
2038 0
2039 0
2040 0
2041 0
2042 0
2043 0
2044 0
2045 0
2046 0
2047 0
2048 0
2049 0
2050 0
2051 0
2052 0
2053 0
2054 0
2055 0
2056 0
2057 0
2058 0
2059 0
2060 0
2061 0
2062 0
2063 0
2064 0
2065 0
2066 0
2067 0
2068 0
2069 0
2070 0
2071 0
2072 0
2073 0
2074 0
2075 0
2076 0
2077 0
2078 0
2079 0
2080 0
2081 0
2082 0
2083 0
2084 0
2085 0
2086 0
2087 0
2088 0
2089 0
2090 0
2091 0
2092 0
2093 0
2094 0
2095 0
2096 0
2097 0
2098 0
2099 0
2100 0
2101 0
2102 0
2103 0
2104 0
2105 0
2106 0
2107 0
2108 0
2109 0
2110 0
2111 0
2112 0
2113 0
2114 0
2115 0
2116 0
2117 0
2118 0
2119 0
2120 0
2121 0
2122 0
2123 0
2124 0
2125 0
2126 0
2127 0
2128 0
2129 0
2130 0
2131 0
2132 0
2133 0
2134 0
2135 0
2136 0
2137 0
2138 0
2139 0
2140 0
2141 0
2142 0
2143 0
2144 0
2145 0
2146 0
2147 0
2148 0
2149 0
2150 0
2151 0
2152 0
2153 0
2154 0
2155 0
2156 0
2157 0
2158 0
2159 0
2160 0
2161 0
2162 0
2163 0
2164 0
2165 0
2166 0
2167 0
2168 0
2169 0
2170 0
2171 0
2172 0
2173 0
2174 0
2175 0
2176 0
2177 0
2178 0
2179 0
2180 0
2181 0
2182 0
2183 0
2184 0
2185 0
2186 0
2187 0
2188 0
2189 0
2190 0
2191 0
2192 0
2193 0
2194 0
2195 0
2196 0
2197 0
2198 0
2199 0
2200 0
2201 0
2202 0
2203 0
2204 0
2205 0
2206 0
2207 0
2208 0
2209 0
2210 0
2211 0
2212 0
2213 0
2214 0
2215 0
2216 0
2217 0
2218 0
2219 0
2220 0
2221 0
2222 0
2223 0
2224 0
2225 0
2226 0
2227 0
2228 0
2229 0
2230 0
2231 0
2232 0
2233 0
2234 0
2235 0
2236 0
2237 0
2238 0
2239 0
2240 0
2241 0
2242 0
2243 0
2244 0
2245 0
2246 0
2247 0
2248 0
2249 0
2250 0
2251 0
2252 0
2253 0
2254 0
2255 0
2256 0
2257 0
2258 0
2259 0
2260 0
2261 0
2262 0
2263 0
2264 0
2265 0
2266 0
2267 0
2268 0
2269 0
2270 0
2271 0
2272 0
2273 0
2274 0
2275 0
2276 0
2277 0
2278 0
2279 0
2280 0
2281 0
2282 0
2283 0
2284 0
2285 0
2286 0
2287 0
2288 0
2289 0
2290 0
2291 0
2292 0
2293 0
2294 0
2295 0
2296 0
2297 0
2298 0
2299 0
2300 0
2301 0
2302 0
2303 0
2304 0
2305 0
2306 0
2307 0
2308 0
2309 0
2310 0
2311 0
2312 0
2313 0
2314 0
2315 0
2316 0
2317 0
2318 0
2319 0
2320 0
2321 0
2322 0
2323 0
2324 0
2325 0
2326 0
2327 0
2328 0
2329 0
2330 0
2331 0
2332 0
2333 0
2334 0
2335 0
2336 0
2337 0
2338 0
2339 0
2340 0
2341 0
2342 0
2343 0
2344 0
2345 0
2346 0
2347 0
2348 0
2349 0
2350 0
2351 0
2352 0
2353 0
2354 0
2355 0
2356 0
2357 0
2358 0
2359 0
2360 0
2361 0
2362 0
2363 0
2364 0
2365 0
2366 0
2367 0
2368 0
2369 0
2370 0
2371 0
2372 0
2373 0
2374 0
2375 0
2376 0
2377 0
2378 0
2379 0
2380 0
2381 0
2382 0
2383 0
2384 0
2385 0
2386 0
2387 0
2388 0
2389 0
2390 0
2391 0
2392 0
2393 0
2394 0
2395 0
2396 0
2397 0
2398 0
2399 0
2400 0
2401 0
2402 0
2403 0
2404 0
2405 0
2406 0
2407 0
2408 0
2409 0
2410 0
2411 0
2412 0
2413 0
2414 0
2415 0
2416 0
2417 0
2418 0
2419 0
2420 0
2421 0
2422 0
2423 0
2424 0
2425 0
2426 0
2427 0
2428 0
2429 0
2430 0
2431 0
2432 0
2433 0
2434 0
2435 0
2436 0
2437 0
2438 0
2439 0
2440 0
2441 0
2442 0
2443 0
2444 0
2445 0
2446 0
2447 0
2448 0
2449 0
2450 0
2451 0
2452 0
2453 0
2454 0
2455 0
2456 0
2457 0
2458 0
2459 0
2460 0
2461 0
2462 0
2463 0
2464 0
2465 0
2466 0
2467 0
2468 0
2469 0
2470 0
2471 0
2472 0
2473 0
2474 0
2475 0
2476 0
2477 0
2478 0
2479 0
2480 0
2481 0
2482 0
2483 0
2484 0
2485 0
2486 0
2487 0
2488 0
2489 0
2490 0
2491 0
2492 0
2493 0
2494 0
2495 0
2496 0
2497 0
2498 0
2499 0
2500 2
2501 2
2502 2
2503 2
2504 2
2505 2
2506 2
2507 2
2508 2
2509 2
2510 2
2511 2
2512 2
2513 2
2514 2
2515 2
2516 2
2517 2
2518 2
2519 2
2520 2
2521 2
2522 2
2523 2
2524 2
2525 2
2526 2
2527 2
2528 2
2529 2
2530 2
2531 2
2532 2
2533 2
2534 2
2535 2
2536 2
2537 2
2538 2
2539 2
2540 2
2541 2
2542 2
2543 2
2544 2
2545 2
2546 2
2547 2
2548 2
2549 2
2550 2
2551 2
2552 2
2553 2
2554 2
2555 2
2556 2
2557 2
2558 2
2559 2
2560 2
2561 2
2562 2
2563 2
2564 2
2565 2
2566 2
2567 2
2568 2
2569 2
2570 2
2571 2
2572 2
2573 2
2574 2
2575 2
2576 2
2577 2
2578 2
2579 2
2580 2
2581 2
2582 2
2583 2
2584 2
2585 2
2586 2
2587 2
2588 2
2589 2
2590 2
2591 2
2592 2
2593 2
2594 2
2595 2
2596 2
2597 2
2598 2
2599 2
2600 2
2601 2
2602 2
2603 2
2604 2
2605 2
2606 2
2607 2
2608 2
2609 2
2610 2
2611 2
2612 2
2613 2
2614 2
2615 2
2616 2
2617 2
2618 2
2619 2
2620 2
2621 2
2622 2
2623 2
2624 2
2625 2
2626 2
2627 2
2628 2
2629 2
2630 2
2631 2
2632 2
2633 2
2634 2
2635 2
2636 2
2637 2
2638 2
2639 2
2640 2
2641 2
2642 2
2643 2
2644 2
2645 2
2646 2
2647 2
2648 2
2649 2
2650 2
2651 2
2652 2
2653 2
2654 2
2655 2
2656 2
2657 2
2658 2
2659 2
2660 2
2661 2
2662 2
2663 2
2664 2
2665 2
2666 2
2667 2
2668 2
2669 2
2670 2
2671 2
2672 2
2673 2
2674 2
2675 2
2676 2
2677 2
2678 2
2679 2
2680 2
2681 2
2682 2
2683 2
2684 2
2685 2
2686 2
2687 2
2688 2
2689 2
2690 2
2691 2
2692 2
2693 2
2694 2
2695 2
2696 2
2697 2
2698 2
2699 2
2700 2
2701 2
2702 2
2703 2
2704 2
2705 2
2706 2
2707 2
2708 2
2709 2
2710 2
2711 2
2712 2
2713 2
2714 2
2715 2
2716 2
2717 2
2718 2
2719 2
2720 2
2721 2
2722 2
2723 2
2724 2
2725 2
2726 2
2727 2
2728 2
2729 2
2730 2
2731 2
2732 2
2733 2
2734 2
2735 2
2736 2
2737 2
2738 2
2739 2
2740 2
2741 2
2742 2
2743 2
2744 2
2745 2
2746 2
2747 2
2748 2
2749 2
2750 2
2751 2
2752 2
2753 2
2754 2
2755 2
2756 2
2757 2
2758 2
2759 2
2760 2
2761 2
2762 2
2763 2
2764 2
2765 2
2766 2
2767 2
2768 2
2769 2
2770 2
2771 2
2772 2
2773 2
2774 2
2775 2
2776 2
2777 2
2778 2
2779 2
2780 2
2781 2
2782 2
2783 2
2784 2
2785 2
2786 2
2787 2
2788 2
2789 2
2790 2
2791 2
2792 2
2793 2
2794 2
2795 2
2796 2
2797 2
2798 2
2799 2
2800 2
2801 2
2802 2
2803 2
2804 2
2805 2
2806 2
2807 2
2808 2
2809 2
2810 2
2811 2
2812 2
2813 2
2814 2
2815 2
2816 2
2817 2
2818 2
2819 2
2820 2
2821 2
2822 2
2823 2
2824 2
2825 2
2826 2
2827 2
2828 2
2829 2
2830 2
2831 2
2832 2
2833 2
2834 2
2835 2
2836 2
2837 2
2838 2
2839 2
2840 2
2841 2
2842 2
2843 2
2844 2
2845 2
2846 2
2847 2
2848 2
2849 2
2850 2
2851 2
2852 2
2853 2
2854 2
2855 2
2856 2
2857 2
2858 2
2859 2
2860 2
2861 2
2862 2
2863 2
2864 2
2865 2
2866 2
2867 2
2868 2
2869 2
2870 2
2871 2
2872 2
2873 2
2874 2
2875 2
2876 2
2877 2
2878 2
2879 2
2880 2
2881 2
2882 2
2883 2
2884 2
2885 2
2886 2
2887 2
2888 2
2889 2
2890 2
2891 2
2892 2
2893 2
2894 2
2895 2
2896 2
2897 2
2898 2
2899 2
2900 2
2901 2
2902 2
2903 2
2904 2
2905 2
2906 2
2907 2
2908 2
2909 2
2910 2
2911 2
2912 2
2913 2
2914 2
2915 2
2916 2
2917 2
2918 2
2919 2
2920 2
2921 2
2922 2
2923 2
2924 2
2925 2
2926 2
2927 2
2928 2
2929 2
2930 2
2931 2
2932 2
2933 2
2934 2
2935 2
2936 2
2937 2
2938 2
2939 2
2940 2
2941 2
2942 2
2943 2
2944 2
2945 2
2946 2
2947 2
2948 2
2949 2
2950 2
2951 2
2952 2
2953 2
2954 2
2955 2
2956 2
2957 2
2958 2
2959 2
2960 2
2961 2
2962 2
2963 2
2964 2
2965 2
2966 2
2967 2
2968 2
2969 2
2970 2
2971 2
2972 2
2973 2
2974 2
2975 2
2976 2
2977 2
2978 2
2979 2
2980 2
2981 2
2982 2
2983 2
2984 2
2985 2
2986 2
2987 2
2988 2
2989 2
2990 2
2991 2
2992 2
2993 2
2994 2
2995 2
2996 2
2997 2
2998 2
2999 2
3000 2
3001 2
3002 2
3003 2
3004 2
3005 2
3006 2
3007 2
3008 2
3009 2
3010 2
3011 2
3012 2
3013 2
3014 2
3015 2
3016 2
3017 2
3018 2
3019 2
3020 2
3021 2
3022 2
3023 2
3024 2
3025 2
3026 2
3027 2
3028 2
3029 2
3030 2
3031 2
3032 2
3033 2
3034 2
3035 2
3036 2
3037 2
3038 2
3039 2
3040 2
3041 2
3042 2
3043 2
3044 2
3045 2
3046 2
3047 2
3048 2
3049 2
3050 2
3051 2
3052 2
3053 2
3054 2
3055 2
3056 2
3057 2
3058 2
3059 2
3060 2
3061 2
3062 2
3063 2
3064 2
3065 2
3066 2
3067 2
3068 2
3069 2
3070 2
3071 2
3072 2
3073 2
3074 2
3075 2
3076 2
3077 2
3078 2
3079 2
3080 2
3081 2
3082 2
3083 2
3084 2
3085 2
3086 2
3087 2
3088 2
3089 2
3090 2
3091 2
3092 2
3093 2
3094 2
3095 2
3096 2
3097 2
3098 2
3099 2
3100 2
3101 2
3102 2
3103 2
3104 2
3105 2
3106 2
3107 2
3108 2
3109 2
3110 2
3111 2
3112 2
3113 2
3114 2
3115 2
3116 2
3117 2
3118 2
3119 2
3120 2
3121 2
3122 2
3123 2
3124 2
3125 2
3126 2
3127 2
3128 2
3129 2
3130 2
3131 2
3132 2
3133 2
3134 2
3135 2
3136 2
3137 2
3138 2
3139 2
3140 2
3141 2
3142 2
3143 2
3144 2
3145 2
3146 2
3147 2
3148 2
3149 2
3150 2
3151 2
3152 2
3153 2
3154 2
3155 2
3156 2
3157 2
3158 2
3159 2
3160 2
3161 2
3162 2
3163 2
3164 2
3165 2
3166 2
3167 2
3168 2
3169 2
3170 2
3171 2
3172 2
3173 2
3174 2
3175 2
3176 2
3177 2
3178 2
3179 2
3180 2
3181 2
3182 2
3183 2
3184 2
3185 2
3186 2
3187 2
3188 2
3189 2
3190 2
3191 2
3192 2
3193 2
3194 2
3195 2
3196 2
3197 2
3198 2
3199 2
3200 2
3201 2
3202 2
3203 2
3204 2
3205 2
3206 2
3207 2
3208 2
3209 2
3210 2
3211 2
3212 2
3213 2
3214 2
3215 2
3216 2
3217 2
3218 2
3219 2
3220 2
3221 2
3222 2
3223 2
3224 2
3225 2
3226 2
3227 2
3228 2
3229 2
3230 2
3231 2
3232 2
3233 2
3234 2
3235 2
3236 2
3237 2
3238 2
3239 2
3240 2
3241 2
3242 2
3243 2
3244 2
3245 2
3246 2
3247 2
3248 2
3249 2
3250 2
3251 2
3252 2
3253 2
3254 2
3255 2
3256 2
3257 2
3258 2
3259 2
3260 2
3261 2
3262 2
3263 2
3264 2
3265 2
3266 2
3267 2
3268 2
3269 2
3270 2
3271 2
3272 2
3273 2
3274 2
3275 2
3276 2
3277 2
3278 2
3279 2
3280 2
3281 2
3282 2
3283 2
3284 2
3285 2
3286 2
3287 2
3288 2
3289 2
3290 2
3291 2
3292 2
3293 2
3294 2
3295 2
3296 2
3297 2
3298 2
3299 2
3300 2
3301 2
3302 2
3303 2
3304 2
3305 2
3306 2
3307 2
3308 2
3309 2
3310 2
3311 2
3312 2
3313 2
3314 2
3315 2
3316 2
3317 2
3318 2
3319 2
3320 2
3321 2
3322 2
3323 2
3324 2
3325 2
3326 2
3327 2
3328 2
3329 2
3330 2
3331 2
3332 2
3333 2
3334 2
3335 2
3336 2
3337 2
3338 2
3339 2
3340 2
3341 2
3342 2
3343 2
3344 2
3345 2
3346 2
3347 2
3348 2
3349 2
3350 2
3351 2
3352 2
3353 2
3354 2
3355 2
3356 2
3357 2
3358 2
3359 2
3360 2
3361 2
3362 2
3363 2
3364 2
3365 2
3366 2
3367 2
3368 2
3369 2
3370 2
3371 2
3372 2
3373 2
3374 2
3375 2
3376 2
3377 2
3378 2
3379 2
3380 2
3381 2
3382 2
3383 2
3384 2
3385 2
3386 2
3387 2
3388 2
3389 2
3390 2
3391 2
3392 2
3393 2
3394 2
3395 2
3396 2
3397 2
3398 2
3399 2
3400 2
3401 2
3402 2
3403 2
3404 2
3405 2
3406 2
3407 2
3408 2
3409 2
3410 2
3411 2
3412 2
3413 2
3414 2
3415 2
3416 2
3417 2
3418 2
3419 2
3420 2
3421 2
3422 2
3423 2
3424 2
3425 2
3426 2
3427 2
3428 2
3429 2
3430 2
3431 2
3432 2
3433 2
3434 2
3435 2
3436 2
3437 2
3438 2
3439 2
3440 2
3441 2
3442 2
3443 2
3444 2
3445 2
3446 2
3447 2
3448 2
3449 2
3450 2
3451 2
3452 2
3453 2
3454 2
3455 2
3456 2
3457 2
3458 2
3459 2
3460 2
3461 2
3462 2
3463 2
3464 2
3465 2
3466 2
3467 2
3468 2
3469 2
3470 2
3471 2
3472 2
3473 2
3474 2
3475 2
3476 2
3477 2
3478 2
3479 2
3480 2
3481 2
3482 2
3483 2
3484 2
3485 2
3486 2
3487 2
3488 2
3489 2
3490 2
3491 2
3492 2
3493 2
3494 2
3495 2
3496 2
3497 2
3498 2
3499 2
3500 2
3501 2
3502 2
3503 2
3504 2
3505 2
3506 2
3507 2
3508 2
3509 2
3510 2
3511 2
3512 2
3513 2
3514 2
3515 2
3516 2
3517 2
3518 2
3519 2
3520 2
3521 2
3522 2
3523 2
3524 2
3525 2
3526 2
3527 2
3528 2
3529 2
3530 2
3531 2
3532 2
3533 2
3534 2
3535 2
3536 2
3537 2
3538 2
3539 2
3540 2
3541 2
3542 2
3543 2
3544 2
3545 2
3546 2
3547 2
3548 2
3549 2
3550 2
3551 2
3552 2
3553 2
3554 2
3555 2
3556 2
3557 2
3558 2
3559 2
3560 2
3561 2
3562 2
3563 2
3564 2
3565 2
3566 2
3567 2
3568 2
3569 2
3570 2
3571 2
3572 2
3573 2
3574 2
3575 2
3576 2
3577 2
3578 2
3579 2
3580 2
3581 2
3582 2
3583 2
3584 2
3585 2
3586 2
3587 2
3588 2
3589 2
3590 2
3591 2
3592 2
3593 2
3594 2
3595 2
3596 2
3597 2
3598 2
3599 2
3600 2
3601 2
3602 2
3603 2
3604 2
3605 2
3606 2
3607 2
3608 2
3609 2
3610 2
3611 2
3612 2
3613 2
3614 2
3615 2
3616 2
3617 2
3618 2
3619 2
3620 2
3621 2
3622 2
3623 2
3624 2
3625 2
3626 2
3627 2
3628 2
3629 2
3630 2
3631 2
3632 2
3633 2
3634 2
3635 2
3636 2
3637 2
3638 2
3639 2
3640 2
3641 2
3642 2
3643 2
3644 2
3645 2
3646 2
3647 2
3648 2
3649 2
3650 2
3651 2
3652 2
3653 2
3654 2
3655 2
3656 2
3657 2
3658 2
3659 2
3660 2
3661 2
3662 2
3663 2
3664 2
3665 2
3666 2
3667 2
3668 2
3669 2
3670 2
3671 2
3672 2
3673 2
3674 2
3675 2
3676 2
3677 2
3678 2
3679 2
3680 2
3681 2
3682 2
3683 2
3684 2
3685 2
3686 2
3687 2
3688 2
3689 2
3690 2
3691 2
3692 2
3693 2
3694 2
3695 2
3696 2
3697 2
3698 2
3699 2
3700 2
3701 2
3702 2
3703 2
3704 2
3705 2
3706 2
3707 2
3708 2
3709 2
3710 2
3711 2
3712 2
3713 2
3714 2
3715 2
3716 2
3717 2
3718 2
3719 2
3720 2
3721 2
3722 2
3723 2
3724 2
3725 2
3726 2
3727 2
3728 2
3729 2
3730 2
3731 2
3732 2
3733 2
3734 2
3735 2
3736 2
3737 2
3738 2
3739 2
3740 2
3741 2
3742 2
3743 2
3744 2
3745 2
3746 2
3747 2
3748 2
3749 2
3750 2
3751 2
3752 2
3753 2
3754 2
3755 2
3756 2
3757 2
3758 2
3759 2
3760 2
3761 2
3762 2
3763 2
3764 2
3765 2
3766 2
3767 2
3768 2
3769 2
3770 2
3771 2
3772 2
3773 2
3774 2
3775 2
3776 2
3777 2
3778 2
3779 2
3780 2
3781 2
3782 2
3783 2
3784 2
3785 2
3786 2
3787 2
3788 2
3789 2
3790 2
3791 2
3792 2
3793 2
3794 2
3795 2
3796 2
3797 2
3798 2
3799 2
3800 2
3801 2
3802 2
3803 2
3804 2
3805 2
3806 2
3807 2
3808 2
3809 2
3810 2
3811 2
3812 2
3813 2
3814 2
3815 2
3816 2
3817 2
3818 2
3819 2
3820 2
3821 2
3822 2
3823 2
3824 2
3825 2
3826 2
3827 2
3828 2
3829 2
3830 2
3831 2
3832 2
3833 2
3834 2
3835 2
3836 2
3837 2
3838 2
3839 2
3840 2
3841 2
3842 2
3843 2
3844 2
3845 2
3846 2
3847 2
3848 2
3849 2
3850 2
3851 2
3852 2
3853 2
3854 2
3855 2
3856 2
3857 2
3858 2
3859 2
3860 2
3861 2
3862 2
3863 2
3864 2
3865 2
3866 2
3867 2
3868 2
3869 2
3870 2
3871 2
3872 2
3873 2
3874 2
3875 2
3876 2
3877 2
3878 2
3879 2
3880 2
3881 2
3882 2
3883 2
3884 2
3885 2
3886 2
3887 2
3888 2
3889 2
3890 2
3891 2
3892 2
3893 2
3894 2
3895 2
3896 2
3897 2
3898 2
3899 2
3900 2
3901 2
3902 2
3903 2
3904 2
3905 2
3906 2
3907 2
3908 2
3909 2
3910 2
3911 2
3912 2
3913 2
3914 2
3915 2
3916 2
3917 2
3918 2
3919 2
3920 2
3921 2
3922 2
3923 2
3924 2
3925 2
3926 2
3927 2
3928 2
3929 2
3930 2
3931 2
3932 2
3933 2
3934 2
3935 2
3936 2
3937 2
3938 2
3939 2
3940 2
3941 2
3942 2
3943 2
3944 2
3945 2
3946 2
3947 2
3948 2
3949 2
3950 2
3951 2
3952 2
3953 2
3954 2
3955 2
3956 2
3957 2
3958 2
3959 2
3960 2
3961 2
3962 2
3963 2
3964 2
3965 2
3966 2
3967 2
3968 2
3969 2
3970 2
3971 2
3972 2
3973 2
3974 2
3975 2
3976 2
3977 2
3978 2
3979 2
3980 2
3981 2
3982 2
3983 2
3984 2
3985 2
3986 2
3987 2
3988 2
3989 2
3990 2
3991 2
3992 2
3993 2
3994 2
3995 2
3996 2
3997 2
3998 2
3999 2
4000 2
4001 2
4002 2
4003 2
4004 2
4005 2
4006 2
4007 2
4008 2
4009 2
4010 2
4011 2
4012 2
4013 2
4014 2
4015 2
4016 2
4017 2
4018 2
4019 2
4020 2
4021 2
4022 2
4023 2
4024 2
4025 2
4026 2
4027 2
4028 2
4029 2
4030 2
4031 2
4032 2
4033 2
4034 2
4035 2
4036 2
4037 2
4038 2
4039 2
4040 2
4041 2
4042 2
4043 2
4044 2
4045 2
4046 2
4047 2
4048 2
4049 2
4050 2
4051 2
4052 2
4053 2
4054 2
4055 2
4056 2
4057 2
4058 2
4059 2
4060 2
4061 2
4062 2
4063 2
4064 2
4065 2
4066 2
4067 2
4068 2
4069 2
4070 2
4071 2
4072 2
4073 2
4074 2
4075 2
4076 2
4077 2
4078 2
4079 2
4080 2
4081 2
4082 2
4083 2
4084 2
4085 2
4086 2
4087 2
4088 2
4089 2
4090 2
4091 2
4092 2
4093 2
4094 2
4095 2
4096 2
4097 2
4098 2
4099 2
4100 2
4101 2
4102 2
4103 2
4104 2
4105 2
4106 2
4107 2
4108 2
4109 2
4110 2
4111 2
4112 2
4113 2
4114 2
4115 2
4116 2
4117 2
4118 2
4119 2
4120 2
4121 2
4122 2
4123 2
4124 2
4125 2
4126 2
4127 2
4128 2
4129 2
4130 2
4131 2
4132 2
4133 2
4134 2
4135 2
4136 2
4137 2
4138 2
4139 2
4140 2
4141 2
4142 2
4143 2
4144 2
4145 2
4146 2
4147 2
4148 2
4149 2
4150 2
4151 2
4152 2
4153 2
4154 2
4155 2
4156 2
4157 2
4158 2
4159 2
4160 2
4161 2
4162 2
4163 2
4164 2
4165 2
4166 2
4167 2
4168 2
4169 2
4170 2
4171 2
4172 2
4173 2
4174 2
4175 2
4176 2
4177 2
4178 2
4179 2
4180 2
4181 2
4182 2
4183 2
4184 2
4185 2
4186 2
4187 2
4188 2
4189 2
4190 2
4191 2
4192 2
4193 2
4194 2
4195 2
4196 2
4197 2
4198 2
4199 2
4200 2
4201 2
4202 2
4203 2
4204 2
4205 2
4206 2
4207 2
4208 2
4209 2
4210 2
4211 2
4212 2
4213 2
4214 2
4215 2
4216 2
4217 2
4218 2
4219 2
4220 2
4221 2
4222 2
4223 2
4224 2
4225 2
4226 2
4227 2
4228 2
4229 2
4230 2
4231 2
4232 2
4233 2
4234 2
4235 2
4236 2
4237 2
4238 2
4239 2
4240 2
4241 2
4242 2
4243 2
4244 2
4245 2
4246 2
4247 2
4248 2
4249 2
4250 2
4251 2
4252 2
4253 2
4254 2
4255 2
4256 2
4257 2
4258 2
4259 2
4260 2
4261 2
4262 2
4263 2
4264 2
4265 2
4266 2
4267 2
4268 2
4269 2
4270 2
4271 2
4272 2
4273 2
4274 2
4275 2
4276 2
4277 2
4278 2
4279 2
4280 2
4281 2
4282 2
4283 2
4284 2
4285 2
4286 2
4287 2
4288 2
4289 2
4290 2
4291 2
4292 2
4293 2
4294 2
4295 2
4296 2
4297 2
4298 2
4299 2
4300 2
4301 2
4302 2
4303 2
4304 2
4305 2
4306 2
4307 2
4308 2
4309 2
4310 2
4311 2
4312 2
4313 2
4314 2
4315 2
4316 2
4317 2
4318 2
4319 2
4320 2
4321 2
4322 2
4323 2
4324 2
4325 2
4326 2
4327 2
4328 2
4329 2
4330 2
4331 2
4332 2
4333 2
4334 2
4335 2
4336 2
4337 2
4338 2
4339 2
4340 2
4341 2
4342 2
4343 2
4344 2
4345 2
4346 2
4347 2
4348 2
4349 2
4350 2
4351 2
4352 2
4353 2
4354 2
4355 2
4356 2
4357 2
4358 2
4359 2
4360 2
4361 2
4362 2
4363 2
4364 2
4365 2
4366 2
4367 2
4368 2
4369 2
4370 2
4371 2
4372 2
4373 2
4374 2
4375 3
4376 3
4377 3
4378 3
4379 3
4380 3
4381 3
4382 3
4383 3
4384 3
4385 3
4386 3
4387 3
4388 3
4389 3
4390 3
4391 3
4392 3
4393 3
4394 3
4395 3
4396 3
4397 3
4398 3
4399 3
4400 3
4401 3
4402 3
4403 3
4404 3
4405 3
4406 3
4407 3
4408 3
4409 3
4410 3
4411 3
4412 3
4413 3
4414 3
4415 3
4416 3
4417 3
4418 3
4419 3
4420 3
4421 3
4422 3
4423 3
4424 3
4425 3
4426 3
4427 3
4428 3
4429 3
4430 3
4431 3
4432 3
4433 3
4434 3
4435 3
4436 3
4437 3
4438 3
4439 3
4440 3
4441 3
4442 3
4443 3
4444 3
4445 3
4446 3
4447 3
4448 3
4449 3
4450 3
4451 3
4452 3
4453 3
4454 3
4455 3
4456 3
4457 3
4458 3
4459 3
4460 3
4461 3
4462 3
4463 3
4464 3
4465 3
4466 3
4467 3
4468 3
4469 3
4470 3
4471 3
4472 3
4473 3
4474 3
4475 3
4476 3
4477 3
4478 3
4479 3
4480 3
4481 3
4482 3
4483 3
4484 3
4485 3
4486 3
4487 3
4488 3
4489 3
4490 3
4491 3
4492 3
4493 3
4494 3
4495 3
4496 3
4497 3
4498 3
4499 3
4500 3
4501 3
4502 3
4503 3
4504 3
4505 3
4506 3
4507 3
4508 3
4509 3
4510 3
4511 3
4512 3
4513 3
4514 3
4515 3
4516 3
4517 3
4518 3
4519 3
4520 3
4521 3
4522 3
4523 3
4524 3
4525 3
4526 3
4527 3
4528 3
4529 3
4530 3
4531 3
4532 3
4533 3
4534 3
4535 3
4536 3
4537 3
4538 3
4539 3
4540 3
4541 3
4542 3
4543 3
4544 3
4545 3
4546 3
4547 3
4548 3
4549 3
4550 3
4551 3
4552 3
4553 3
4554 3
4555 3
4556 3
4557 3
4558 3
4559 3
4560 3
4561 3
4562 3
4563 3
4564 3
4565 3
4566 3
4567 3
4568 3
4569 3
4570 3
4571 3
4572 3
4573 3
4574 3
4575 3
4576 3
4577 3
4578 3
4579 3
4580 3
4581 3
4582 3
4583 3
4584 3
4585 3
4586 3
4587 3
4588 3
4589 3
4590 3
4591 3
4592 3
4593 3
4594 3
4595 3
4596 3
4597 3
4598 3
4599 3
4600 3
4601 3
4602 3
4603 3
4604 3
4605 3
4606 3
4607 3
4608 3
4609 3
4610 3
4611 3
4612 3
4613 3
4614 3
4615 3
4616 3
4617 3
4618 3
4619 3
4620 3
4621 3
4622 3
4623 3
4624 3
4625 3
4626 3
4627 3
4628 3
4629 3
4630 3
4631 3
4632 3
4633 3
4634 3
4635 3
4636 3
4637 3
4638 3
4639 3
4640 3
4641 3
4642 3
4643 3
4644 3
4645 3
4646 3
4647 3
4648 3
4649 3
4650 3
4651 3
4652 3
4653 3
4654 3
4655 3
4656 3
4657 3
4658 3
4659 3
4660 3
4661 3
4662 3
4663 3
4664 3
4665 3
4666 3
4667 3
4668 3
4669 3
4670 3
4671 3
4672 3
4673 3
4674 3
4675 3
4676 3
4677 3
4678 3
4679 3
4680 3
4681 3
4682 3
4683 3
4684 3
4685 3
4686 3
4687 3
4688 3
4689 3
4690 3
4691 3
4692 3
4693 3
4694 3
4695 3
4696 3
4697 3
4698 3
4699 3
4700 3
4701 3
4702 3
4703 3
4704 3
4705 3
4706 3
4707 3
4708 3
4709 3
4710 3
4711 3
4712 3
4713 3
4714 3
4715 3
4716 3
4717 3
4718 3
4719 3
4720 3
4721 3
4722 3
4723 3
4724 3
4725 3
4726 3
4727 3
4728 3
4729 3
4730 3
4731 3
4732 3
4733 3
4734 3
4735 3
4736 3
4737 3
4738 3
4739 3
4740 3
4741 3
4742 3
4743 3
4744 3
4745 3
4746 3
4747 3
4748 3
4749 3
4750 3
4751 3
4752 3
4753 3
4754 3
4755 3
4756 3
4757 3
4758 3
4759 3
4760 3
4761 3
4762 3
4763 3
4764 3
4765 3
4766 3
4767 3
4768 3
4769 3
4770 3
4771 3
4772 3
4773 3
4774 3
4775 3
4776 3
4777 3
4778 3
4779 3
4780 3
4781 3
4782 3
4783 3
4784 3
4785 3
4786 3
4787 3
4788 3
4789 3
4790 3
4791 3
4792 3
4793 3
4794 3
4795 3
4796 3
4797 3
4798 3
4799 3
4800 3
4801 3
4802 3
4803 3
4804 3
4805 3
4806 3
4807 3
4808 3
4809 3
4810 3
4811 3
4812 3
4813 3
4814 3
4815 3
4816 3
4817 3
4818 3
4819 3
4820 3
4821 3
4822 3
4823 3
4824 3
4825 3
4826 3
4827 3
4828 3
4829 3
4830 3
4831 3
4832 3
4833 3
4834 3
4835 3
4836 3
4837 3
4838 3
4839 3
4840 3
4841 3
4842 3
4843 3
4844 3
4845 3
4846 3
4847 3
4848 3
4849 3
4850 3
4851 3
4852 3
4853 3
4854 3
4855 3
4856 3
4857 3
4858 3
4859 3
4860 3
4861 3
4862 3
4863 3
4864 3
4865 3
4866 3
4867 3
4868 3
4869 3
4870 3
4871 3
4872 3
4873 3
4874 3
4875 3
4876 3
4877 3
4878 3
4879 3
4880 3
4881 3
4882 3
4883 3
4884 3
4885 3
4886 3
4887 3
4888 3
4889 3
4890 3
4891 3
4892 3
4893 3
4894 3
4895 3
4896 3
4897 3
4898 3
4899 3
4900 3
4901 3
4902 3
4903 3
4904 3
4905 3
4906 3
4907 3
4908 3
4909 3
4910 3
4911 3
4912 3
4913 3
4914 3
4915 3
4916 3
4917 3
4918 3
4919 3
4920 3
4921 3
4922 3
4923 3
4924 3
4925 3
4926 3
4927 3
4928 3
4929 3
4930 3
4931 3
4932 3
4933 3
4934 3
4935 3
4936 3
4937 3
4938 3
4939 3
4940 3
4941 3
4942 3
4943 3
4944 3
4945 3
4946 3
4947 3
4948 3
4949 3
4950 3
4951 3
4952 3
4953 3
4954 3
4955 3
4956 3
4957 3
4958 3
4959 3
4960 3
4961 3
4962 3
4963 3
4964 3
4965 3
4966 3
4967 3
4968 3
4969 3
4970 3
4971 3
4972 3
4973 3
4974 3
4975 3
4976 3
4977 3
4978 3
4979 3
4980 3
4981 3
4982 3
4983 3
4984 3
4985 3
4986 3
4987 3
4988 3
4989 3
4990 3
4991 3
4992 3
4993 3
4994 3
4995 3
4996 3
4997 3
4998 3
4999 3
5000 3
5001 3
5002 3
5003 3
5004 3
5005 3
5006 3
5007 3
5008 3
5009 3
5010 3
5011 3
5012 3
5013 3
5014 3
5015 3
5016 3
5017 3
5018 3
5019 3
5020 3
5021 3
5022 3
5023 3
5024 3
5025 3
5026 3
5027 3
5028 3
5029 3
5030 3
5031 3
5032 3
5033 3
5034 3
5035 3
5036 3
5037 3
5038 3
5039 3
5040 3
5041 3
5042 3
5043 3
5044 3
5045 3
5046 3
5047 3
5048 3
5049 3
5050 3
5051 3
5052 3
5053 3
5054 3
5055 3
5056 3
5057 3
5058 3
5059 3
5060 3
5061 3
5062 3
5063 3
5064 3
5065 3
5066 3
5067 3
5068 3
5069 3
5070 3
5071 3
5072 3
5073 3
5074 3
5075 3
5076 3
5077 3
5078 3
5079 3
5080 3
5081 3
5082 3
5083 3
5084 3
5085 3
5086 3
5087 3
5088 3
5089 3
5090 3
5091 3
5092 3
5093 3
5094 3
5095 3
5096 3
5097 3
5098 3
5099 3
5100 3
5101 3
5102 3
5103 3
5104 3
5105 3
5106 3
5107 3
5108 3
5109 3
5110 3
5111 3
5112 3
5113 3
5114 3
5115 3
5116 3
5117 3
5118 3
5119 3
5120 3
5121 3
5122 3
5123 3
5124 3
5125 3
5126 3
5127 3
5128 3
5129 3
5130 3
5131 3
5132 3
5133 3
5134 3
5135 3
5136 3
5137 3
5138 3
5139 3
5140 3
5141 3
5142 3
5143 3
5144 3
5145 3
5146 3
5147 3
5148 3
5149 3
5150 3
5151 3
5152 3
5153 3
5154 3
5155 3
5156 3
5157 3
5158 3
5159 3
5160 3
5161 3
5162 3
5163 3
5164 3
5165 3
5166 3
5167 3
5168 3
5169 3
5170 3
5171 3
5172 3
5173 3
5174 3
5175 3
5176 3
5177 3
5178 3
5179 3
5180 3
5181 3
5182 3
5183 3
5184 3
5185 3
5186 3
5187 3
5188 3
5189 3
5190 3
5191 3
5192 3
5193 3
5194 3
5195 3
5196 3
5197 3
5198 3
5199 3
5200 3
5201 3
5202 3
5203 3
5204 3
5205 3
5206 3
5207 3
5208 3
5209 3
5210 3
5211 3
5212 3
5213 3
5214 3
5215 3
5216 3
5217 3
5218 3
5219 3
5220 3
5221 3
5222 3
5223 3
5224 3
5225 3
5226 3
5227 3
5228 3
5229 3
5230 3
5231 3
5232 3
5233 3
5234 3
5235 3
5236 3
5237 3
5238 3
5239 3
5240 3
5241 3
5242 3
5243 3
5244 3
5245 3
5246 3
5247 3
5248 3
5249 3
5250 3
5251 3
5252 3
5253 3
5254 3
5255 3
5256 3
5257 3
5258 3
5259 3
5260 3
5261 3
5262 3
5263 3
5264 3
5265 3
5266 3
5267 3
5268 3
5269 3
5270 3
5271 3
5272 3
5273 3
5274 3
5275 3
5276 3
5277 3
5278 3
5279 3
5280 3
5281 3
5282 3
5283 3
5284 3
5285 3
5286 3
5287 3
5288 3
5289 3
5290 3
5291 3
5292 3
5293 3
5294 3
5295 3
5296 3
5297 3
5298 3
5299 3
5300 3
5301 3
5302 3
5303 3
5304 3
5305 3
5306 3
5307 3
5308 3
5309 3
5310 3
5311 3
5312 3
5313 3
5314 3
5315 3
5316 3
5317 3
5318 3
5319 3
5320 3
5321 3
5322 3
5323 3
5324 3
5325 3
5326 3
5327 3
5328 3
5329 3
5330 3
5331 3
5332 3
5333 3
5334 3
5335 3
5336 3
5337 3
5338 3
5339 3
5340 3
5341 3
5342 3
5343 3
5344 3
5345 3
5346 3
5347 3
5348 3
5349 3
5350 3
5351 3
5352 3
5353 3
5354 3
5355 3
5356 3
5357 3
5358 3
5359 3
5360 3
5361 3
5362 3
5363 3
5364 3
5365 3
5366 3
5367 3
5368 3
5369 3
5370 3
5371 3
5372 3
5373 3
5374 3
5375 3
5376 3
5377 3
5378 3
5379 3
5380 3
5381 3
5382 3
5383 3
5384 3
5385 3
5386 3
5387 3
5388 3
5389 3
5390 3
5391 3
5392 3
5393 3
5394 3
5395 3
5396 3
5397 3
5398 3
5399 3
5400 3
5401 3
5402 3
5403 3
5404 3
5405 3
5406 3
5407 3
5408 3
5409 3
5410 3
5411 3
5412 3
5413 3
5414 3
5415 3
5416 3
5417 3
5418 3
5419 3
5420 3
5421 3
5422 3
5423 3
5424 3
5425 3
5426 3
5427 3
5428 3
5429 3
5430 3
5431 3
5432 3
5433 3
5434 3
5435 3
5436 3
5437 3
5438 3
5439 3
5440 3
5441 3
5442 3
5443 3
5444 3
5445 3
5446 3
5447 3
5448 3
5449 3
5450 3
5451 3
5452 3
5453 3
5454 3
5455 3
5456 3
5457 3
5458 3
5459 3
5460 3
5461 3
5462 3
5463 3
5464 3
5465 3
5466 3
5467 3
5468 3
5469 3
5470 3
5471 3
5472 3
5473 3
5474 3
5475 3
5476 3
5477 3
5478 3
5479 3
5480 3
5481 3
5482 3
5483 3
5484 3
5485 3
5486 3
5487 3
5488 3
5489 3
5490 3
5491 3
5492 3
5493 3
5494 3
5495 3
5496 3
5497 3
5498 3
5499 3
5500 3
5501 3
5502 3
5503 3
5504 3
5505 3
5506 3
5507 3
5508 3
5509 3
5510 3
5511 3
5512 3
5513 3
5514 3
5515 3
5516 3
5517 3
5518 3
5519 3
5520 3
5521 3
5522 3
5523 3
5524 3
5525 3
5526 3
5527 3
5528 3
5529 3
5530 3
5531 3
5532 3
5533 3
5534 3
5535 3
5536 3
5537 3
5538 3
5539 3
5540 3
5541 3
5542 3
5543 3
5544 3
5545 3
5546 3
5547 3
5548 3
5549 3
5550 3
5551 3
5552 3
5553 3
5554 3
5555 3
5556 3
5557 3
5558 3
5559 3
5560 3
5561 3
5562 3
5563 3
5564 3
5565 3
5566 3
5567 3
5568 3
5569 3
5570 3
5571 3
5572 3
5573 3
5574 3
5575 3
5576 3
5577 3
5578 3
5579 3
5580 3
5581 3
5582 3
5583 3
5584 3
5585 3
5586 3
5587 3
5588 3
5589 3
5590 3
5591 3
5592 3
5593 3
5594 3
5595 3
5596 3
5597 3
5598 3
5599 3
5600 3
5601 3
5602 3
5603 3
5604 3
5605 3
5606 3
5607 3
5608 3
5609 3
5610 3
5611 3
5612 3
5613 3
5614 3
5615 3
5616 3
5617 3
5618 3
5619 3
5620 3
5621 3
5622 3
5623 3
5624 3
5625 3
5626 3
5627 3
5628 3
5629 3
5630 3
5631 3
5632 3
5633 3
5634 3
5635 3
5636 3
5637 3
5638 3
5639 3
5640 3
5641 3
5642 3
5643 3
5644 3
5645 3
5646 3
5647 3
5648 3
5649 3
5650 3
5651 3
5652 3
5653 3
5654 3
5655 3
5656 3
5657 3
5658 3
5659 3
5660 3
5661 3
5662 3
5663 3
5664 3
5665 3
5666 3
5667 3
5668 3
5669 3
5670 3
5671 3
5672 3
5673 3
5674 3
5675 3
5676 3
5677 3
5678 3
5679 3
5680 3
5681 3
5682 3
5683 3
5684 3
5685 3
5686 3
5687 3
5688 3
5689 3
5690 3
5691 3
5692 3
5693 3
5694 3
5695 3
5696 3
5697 3
5698 3
5699 3
5700 3
5701 3
5702 3
5703 3
5704 3
5705 3
5706 3
5707 3
5708 3
5709 3
5710 3
5711 3
5712 3
5713 3
5714 3
5715 3
5716 3
5717 3
5718 3
5719 3
5720 3
5721 3
5722 3
5723 3
5724 3
5725 3
5726 3
5727 3
5728 3
5729 3
5730 3
5731 3
5732 3
5733 3
5734 3
5735 3
5736 3
5737 3
5738 3
5739 3
5740 3
5741 3
5742 3
5743 3
5744 3
5745 3
5746 3
5747 3
5748 3
5749 3
5750 3
5751 3
5752 3
5753 3
5754 3
5755 3
5756 3
5757 3
5758 3
5759 3
5760 3
5761 3
5762 3
5763 3
5764 3
5765 3
5766 3
5767 3
5768 3
5769 3
5770 3
5771 3
5772 3
5773 3
5774 3
5775 3
5776 3
5777 3
5778 3
5779 3
5780 3
5781 3
5782 1
5783 1
5784 1
5785 1
5786 1
5787 1
5788 1
5789 1
5790 1
5791 1
5792 1
5793 1
5794 1
5795 1
5796 1
5797 1
5798 1
5799 1
5800 1
5801 1
5802 1
5803 1
5804 1
5805 1
5806 1
5807 1
5808 1
5809 1
5810 1
5811 1
5812 1
5813 1
5814 1
5815 1
5816 1
5817 1
5818 1
5819 1
5820 1
5821 1
5822 1
5823 1
5824 1
5825 1
5826 1
5827 1
5828 1
5829 1
5830 1
5831 1
5832 1
5833 1
5834 1
5835 1
5836 1
5837 1
5838 1
5839 1
5840 1
5841 1
5842 1
5843 1
5844 1
5845 1
5846 1
5847 1
5848 1
5849 1
5850 1
5851 1
5852 1
5853 1
5854 1
5855 1
5856 1
5857 1
5858 1
5859 1
5860 1
5861 1
5862 1
5863 1
5864 1
5865 1
5866 1
5867 1
5868 1
5869 1
5870 1
5871 1
5872 1
5873 1
5874 1
5875 1
5876 1
5877 1
5878 1
5879 1
5880 1
5881 1
5882 1
5883 1
5884 1
5885 1
5886 1
5887 1
5888 1
5889 1
5890 1
5891 1
5892 1
5893 1
5894 1
5895 1
5896 1
5897 1
5898 1
5899 1
5900 1
5901 1
5902 1
5903 1
5904 1
5905 1
5906 1
5907 1
5908 1
5909 1
5910 1
5911 1
5912 1
5913 1
5914 1
5915 1
5916 1
5917 1
5918 1
5919 1
5920 1
5921 1
5922 1
5923 1
5924 1
5925 1
5926 1
5927 1
5928 1
5929 1
5930 1
5931 1
5932 1
5933 1
5934 1
5935 1
5936 1
5937 1
5938 1
5939 1
5940 1
5941 1
5942 1
5943 1
5944 1
5945 1
5946 1
5947 1
5948 1
5949 1
5950 1
5951 1
5952 1
5953 1
5954 1
5955 1
5956 1
5957 1
5958 1
5959 1
5960 1
5961 1
5962 1
5963 1
5964 1
5965 1
5966 1
5967 1
5968 1
5969 1
5970 1
5971 1
5972 1
5973 1
5974 1
5975 1
5976 1
5977 1
5978 1
5979 1
5980 1
5981 1
5982 1
5983 1
5984 1
5985 1
5986 1
5987 1
5988 1
5989 1
5990 1
5991 1
5992 1
5993 1
5994 1
5995 1
5996 1
5997 1
5998 1
5999 1
6000 1
6001 1
6002 1
6003 1
6004 1
6005 1
6006 1
6007 1
6008 1
6009 1
6010 1
6011 1
6012 1
6013 1
6014 1
6015 1
6016 1
6017 1
6018 1
6019 1
6020 1
6021 1
6022 1
6023 1
6024 1
6025 1
6026 1
6027 1
6028 1
6029 1
6030 1
6031 1
6032 1
6033 1
6034 1
6035 1
6036 1
6037 1
6038 1
6039 1
6040 1
6041 1
6042 1
6043 1
6044 1
6045 1
6046 1
6047 1
6048 1
6049 1
6050 1
6051 1
6052 1
6053 1
6054 1
6055 1
6056 1
6057 1
6058 1
6059 1
6060 1
6061 1
6062 1
6063 1
6064 1
6065 1
6066 1
6067 1
6068 1
6069 1
6070 1
6071 1
6072 1
6073 1
6074 1
6075 1
6076 1
6077 1
6078 1
6079 1
6080 1
6081 1
6082 1
6083 1
6084 1
6085 1
6086 1
6087 1
6088 1
6089 1
6090 1
6091 1
6092 1
6093 1
6094 1
6095 1
6096 1
6097 1
6098 1
6099 1
6100 1
6101 1
6102 1
6103 1
6104 1
6105 1
6106 1
6107 1
6108 1
6109 1
6110 1
6111 1
6112 1
6113 1
6114 1
6115 1
6116 1
6117 1
6118 1
6119 1
6120 1
6121 1
6122 1
6123 1
6124 1
6125 1
6126 1
6127 1
6128 1
6129 1
6130 1
6131 1
6132 1
6133 1
6134 1
6135 1
6136 1
6137 1
6138 1
6139 1
6140 1
6141 1
6142 1
6143 1
6144 1
6145 1
6146 1
6147 1
6148 1
6149 1
6150 1
6151 1
6152 1
6153 1
6154 1
6155 1
6156 1
6157 1
6158 1
6159 1
6160 1
6161 1
6162 1
6163 1
6164 1
6165 1
6166 1
6167 1
6168 1
6169 1
6170 1
6171 1
6172 1
6173 1
6174 1
6175 1
6176 1
6177 1
6178 1
6179 1
6180 1
6181 1
6182 1
6183 1
6184 1
6185 1
6186 1
6187 1
6188 1
6189 1
6190 1
6191 1
6192 1
6193 1
6194 1
6195 1
6196 1
6197 1
6198 1
6199 1
6200 1
6201 1
6202 1
6203 1
6204 1
6205 1
6206 1
6207 1
6208 1
6209 1
6210 1
6211 1
6212 1
6213 1
6214 1
6215 1
6216 1
6217 1
6218 1
6219 1
6220 1
6221 1
6222 1
6223 1
6224 1
6225 1
6226 1
6227 1
6228 1
6229 1
6230 1
6231 1
6232 1
6233 1
6234 1
6235 1
6236 1
6237 1
6238 1
6239 1
6240 1
6241 1
6242 1
6243 1
6244 1
6245 1
6246 1
6247 1
6248 1
6249 1
6250 1
6251 1
6252 1
6253 1
6254 1
6255 1
6256 1
6257 1
6258 1
6259 1
6260 1
6261 1
6262 1
6263 1
6264 1
6265 1
6266 1
6267 1
6268 1
6269 1
6270 1
6271 1
6272 1
6273 1
6274 1
6275 1
6276 1
6277 1
6278 1
6279 1
6280 1
6281 1
6282 1
6283 1
6284 1
6285 1
6286 1
6287 1
6288 1
6289 1
6290 1
6291 1
6292 1
6293 1
6294 1
6295 1
6296 1
6297 1
6298 1
6299 1
6300 1
6301 1
6302 1
6303 1
6304 1
6305 1
6306 1
6307 1
6308 1
6309 1
6310 1
6311 1
6312 1
6313 1
6314 1
6315 1
6316 1
6317 1
6318 1
6319 1
6320 1
6321 1
6322 1
6323 1
6324 1
6325 1
6326 1
6327 1
6328 1
6329 1
6330 1
6331 1
6332 1
6333 1
6334 1
6335 1
6336 1
6337 1
6338 1
6339 1
6340 1
6341 1
6342 1
6343 1
6344 1
6345 1
6346 1
6347 1
6348 1
6349 1
6350 1
6351 1
6352 1
6353 1
6354 1
6355 1
6356 1
6357 1
6358 1
6359 1
6360 1
6361 1
6362 1
6363 1
6364 1
6365 1
6366 1
6367 1
6368 1
6369 1
6370 1
6371 1
6372 1
6373 1
6374 1
6375 1
6376 1
6377 1
6378 1
6379 1
6380 1
6381 1
6382 1
6383 1
6384 1
6385 1
6386 1
6387 1
6388 1
6389 1
6390 1
6391 1
6392 1
6393 1
6394 1
6395 1
6396 1
6397 1
6398 1
6399 1
6400 1
6401 1
6402 1
6403 1
6404 1
6405 1
6406 1
6407 1
6408 1
6409 1
6410 1
6411 1
6412 1
6413 1
6414 1
6415 1
6416 1
6417 1
6418 1
6419 1
6420 1
6421 1
6422 1
6423 1
6424 1
6425 1
6426 1
6427 1
6428 1
6429 1
6430 1
6431 1
6432 1
6433 1
6434 1
6435 1
6436 1
6437 1
6438 1
6439 1
6440 1
6441 1
6442 1
6443 1
6444 1
6445 1
6446 1
6447 1
6448 1
6449 1
6450 1
6451 1
6452 1
6453 1
6454 1
6455 1
6456 1
6457 1
6458 1
6459 1
6460 1
6461 1
6462 1
6463 1
6464 1
6465 1
6466 1
6467 1
6468 1
6469 1
6470 1
6471 1
6472 1
6473 1
6474 1
6475 1
6476 1
6477 1
6478 1
6479 1
6480 1
6481 1
6482 1
6483 1
6484 1
6485 1
6486 1
6487 1
6488 1
6489 1
6490 1
6491 1
6492 1
6493 1
6494 1
6495 1
6496 1
6497 1
6498 1
6499 1
6500 1
6501 1
6502 1
6503 1
6504 1
6505 1
6506 1
6507 1
6508 1
6509 1
6510 1
6511 1
6512 1
6513 1
6514 1
6515 1
6516 1
6517 1
6518 1
6519 1
6520 1
6521 1
6522 1
6523 1
6524 1
6525 1
6526 1
6527 1
6528 1
6529 1
6530 1
6531 1
6532 1
6533 1
6534 1
6535 1
6536 1
6537 1
6538 1
6539 1
6540 1
6541 1
6542 1
6543 1
6544 1
6545 1
6546 1
6547 1
6548 1
6549 1
6550 1
6551 1
6552 1
6553 1
6554 1
6555 1
6556 1
6557 1
6558 1
6559 1
6560 1
6561 1
6562 1
6563 1
6564 1
6565 1
6566 1
6567 1
6568 1
6569 1
6570 1
6571 1
6572 1
6573 1
6574 1
6575 1
6576 1
6577 1
6578 1
6579 1
6580 1
6581 1
6582 1
6583 1
6584 1
6585 1
6586 1
6587 1
6588 1
6589 1
6590 1
6591 1
6592 1
6593 1
6594 1
6595 1
6596 1
6597 1
6598 1
6599 1
6600 1
6601 1
6602 1
6603 1
6604 1
6605 1
6606 1
6607 1
6608 1
6609 1
6610 1
6611 1
6612 1
6613 1
6614 1
6615 1
6616 1
6617 1
6618 1
6619 1
6620 1
6621 1
6622 1
6623 1
6624 1
6625 1
6626 1
6627 1
6628 1
6629 1
6630 1
6631 1
6632 1
6633 1
6634 1
6635 1
6636 1
6637 1
6638 1
6639 1
6640 1
6641 1
6642 1
6643 1
6644 1
6645 1
6646 1
6647 1
6648 1
6649 1
6650 1
6651 1
6652 1
6653 1
6654 1
6655 1
6656 1
6657 1
6658 1
6659 1
6660 1
6661 1
6662 1
6663 1
6664 1
6665 1
6666 1
6667 1
6668 1
6669 1
6670 1
6671 1
6672 1
6673 1
6674 1
6675 1
6676 1
6677 1
6678 1
6679 1
6680 1
6681 1
6682 1
6683 1
6684 1
6685 1
6686 1
6687 1
6688 1
6689 1
6690 1
6691 1
6692 1
6693 1
6694 1
6695 1
6696 1
6697 1
6698 1
6699 1
6700 1
6701 1
6702 1
6703 1
6704 1
6705 1
6706 1
6707 1
6708 1
6709 1
6710 1
6711 1
6712 1
6713 1
6714 1
6715 1
6716 1
6717 1
6718 1
6719 1
6720 1
6721 1
6722 1
6723 1
6724 1
6725 1
6726 1
6727 1
6728 1
6729 1
6730 1
6731 1
6732 1
6733 1
6734 1
6735 1
6736 1
6737 1
6738 1
6739 1
6740 1
6741 1
6742 1
6743 1
6744 1
6745 1
6746 1
6747 1
6748 1
6749 1
6750 1
6751 1
6752 1
6753 1
6754 1
6755 1
6756 1
6757 1
6758 1
6759 1
6760 1
6761 1
6762 1
6763 1
6764 1
6765 1
6766 1
6767 1
6768 1
6769 1
6770 1
6771 1
6772 1
6773 1
6774 1
6775 1
6776 1
6777 1
6778 1
6779 1
6780 1
6781 1
6782 1
6783 1
6784 1
6785 1
6786 1
6787 1
6788 1
6789 1
6790 1
6791 1
6792 1
6793 1
6794 1
6795 1
6796 1
6797 1
6798 1
6799 1
6800 1
6801 1
6802 1
6803 1
6804 1
6805 1
6806 1
6807 1
6808 1
6809 1
6810 1
6811 1
6812 1
6813 1
6814 1
6815 1
6816 1
6817 1
6818 1
6819 1
6820 1
6821 1
6822 1
6823 1
6824 1
6825 1
6826 1
6827 1
6828 1
6829 1
6830 1
6831 1
6832 1
6833 1
6834 1
6835 1
6836 1
6837 1
6838 1
6839 1
6840 1
6841 1
6842 1
6843 1
6844 1
6845 1
6846 1
6847 1
6848 1
6849 1
6850 1
6851 1
6852 1
6853 1
6854 1
6855 1
6856 1
6857 1
6858 1
6859 1
6860 1
6861 1
6862 1
6863 1
6864 1
6865 1
6866 1
6867 1
6868 1
6869 1
6870 1
6871 1
6872 1
6873 1
6874 1
6875 1
6876 1
6877 1
6878 1
6879 1
6880 1
6881 1
6882 1
6883 1
6884 1
6885 1
6886 1
6887 1
6888 1
6889 1
6890 1
6891 1
6892 1
6893 1
6894 1
6895 1
6896 1
6897 1
6898 1
6899 1
6900 1
6901 1
6902 1
6903 1
6904 1
6905 1
6906 1
6907 1
6908 1
6909 1
6910 1
6911 1
6912 1
6913 1
6914 1
6915 1
6916 1
6917 1
6918 1
6919 1
6920 1
6921 1
6922 1
6923 1
6924 1
6925 1
6926 1
6927 1
6928 1
6929 1
6930 1
6931 1
6932 1
6933 1
6934 1
6935 1
6936 1
6937 1
6938 1
6939 1
6940 1
6941 1
6942 1
6943 1
6944 1
6945 1
6946 1
6947 1
6948 1
6949 1
6950 1
6951 1
6952 1
6953 1
6954 1
6955 1
6956 1
6957 1
6958 1
6959 1
6960 1
6961 1
6962 1
6963 1
6964 1
6965 1
6966 1
6967 1
6968 1
6969 1
6970 1
6971 1
6972 1
6973 1
6974 1
6975 1
6976 1
6977 1
6978 1
6979 1
6980 1
6981 1
6982 1
6983 1
6984 1
6985 1
6986 1
6987 1
6988 1
6989 1
6990 1
6991 1
6992 1
6993 1
6994 1
6995 1
6996 1
6997 1
6998 1
6999 1
7000 1
7001 1
7002 1
7003 1
7004 1
7005 1
7006 1
7007 1
7008 1
7009 1
7010 1
7011 1
7012 1
7013 1
7014 1
7015 1
7016 1
7017 1
7018 1
7019 1
7020 1
7021 1
7022 1
7023 1
7024 1
7025 1
7026 1
7027 1
7028 1
7029 1
7030 1
7031 1
7032 1
7033 1
7034 1
7035 1
7036 1
7037 1
7038 1
7039 1
7040 1
7041 1
7042 1
7043 1
7044 1
7045 1
7046 1
7047 1
7048 1
7049 1
7050 1
7051 1
7052 1
7053 1
7054 1
7055 1
7056 1
7057 1
7058 1
7059 1
7060 1
7061 1
7062 1
7063 1
7064 1
7065 1
7066 1
7067 1
7068 1
7069 1
7070 1
7071 1
7072 1
7073 1
7074 1
7075 1
7076 1
7077 1
7078 1
7079 1
7080 1
7081 1
7082 1
7083 1
7084 1
7085 1
7086 1
7087 1
7088 1
7089 1
7090 1
7091 1
7092 1
7093 1
7094 1
7095 1
7096 1
7097 1
7098 1
7099 1
7100 1
7101 1
7102 1
7103 1
7104 1
7105 1
7106 1
7107 1
7108 1
7109 1
7110 1
7111 1
7112 1
7113 1
7114 1
7115 1
7116 1
7117 1
7118 1
7119 1
7120 1
7121 1
7122 1
7123 1
7124 1
7125 1
7126 1
7127 1
7128 1
7129 1
7130 1
7131 1
7132 1
7133 1
7134 1
7135 1
7136 1
7137 1
7138 1
7139 1
7140 1
7141 1
7142 1
7143 1
7144 1
7145 1
7146 1
7147 1
7148 1
7149 1
7150 1
7151 1
7152 1
7153 1
7154 1
7155 1
7156 1
7157 1
7158 1
7159 1
7160 1
7161 1
7162 1
7163 1
7164 1
7165 1
7166 1
7167 1
7168 1
7169 1
7170 1
7171 1
7172 1
7173 1
7174 1
7175 1
7176 1
7177 1
7178 1
7179 1
7180 1
7181 1
7182 1
7183 1
7184 1
7185 1
7186 1
7187 1
7188 1
7189 1
7190 1
7191 1
7192 1
7193 1
7194 1
7195 1
7196 1
7197 1
7198 1
7199 1
7200 1
7201 1
7202 1
7203 1
7204 1
7205 1
7206 1
7207 1
7208 1
7209 1
7210 1
7211 1
7212 1
7213 1
7214 1
7215 1
7216 1
7217 1
7218 1
7219 1
7220 1
7221 1
7222 1
7223 1
7224 1
7225 1
7226 1
7227 1
7228 1
7229 1
7230 1
7231 1
7232 1
7233 1
7234 1
7235 1
7236 1
7237 1
7238 1
7239 1
7240 1
7241 1
7242 1
7243 1
7244 1
7245 1
7246 1
7247 1
7248 1
7249 1
7250 1
7251 1
7252 1
7253 1
7254 1
7255 1
7256 1
7257 1
7258 1
7259 1
7260 1
7261 1
7262 1
7263 1
7264 1
7265 1
7266 1
7267 1
7268 1
7269 1
7270 1
7271 1
7272 1
7273 1
7274 1
7275 1
7276 1
7277 1
7278 1
7279 1
7280 1
7281 1
7282 1
7283 1
7284 1
7285 1
7286 1
7287 1
7288 1
7289 1
7290 1
7291 1
7292 1
7293 1
7294 1
7295 1
7296 1
7297 1
7298 1
7299 1
7300 1
7301 1
7302 1
7303 1
7304 1
7305 1
7306 1
7307 1
7308 1
7309 1
7310 1
7311 1
7312 1
7313 1
7314 1
7315 1
7316 1
7317 1
7318 1
7319 1
7320 1
7321 1
7322 1
7323 1
7324 1
7325 1
7326 1
7327 1
7328 1
7329 1
7330 1
7331 1
7332 1
7333 1
7334 1
7335 1
7336 1
7337 1
7338 1
7339 1
7340 1
7341 1
7342 1
7343 1
7344 1
7345 1
7346 1
7347 1
7348 1
7349 1
7350 1
7351 1
7352 1
7353 1
7354 1
7355 1
7356 1
7357 1
7358 1
7359 1
7360 1
7361 1
7362 1
7363 1
7364 1
7365 1
7366 1
7367 1
7368 1
7369 1
7370 1
7371 1
7372 1
7373 1
7374 1
7375 1
7376 1
7377 1
7378 1
7379 1
7380 1
7381 1
7382 1
7383 1
7384 1
7385 1
7386 1
7387 1
7388 1
7389 1
7390 1
7391 1
7392 1
7393 1
7394 1
7395 1
7396 1
7397 1
7398 1
7399 1
7400 1
7401 1
7402 1
7403 1
7404 1
7405 1
7406 1
7407 1
7408 1
7409 1
7410 1
7411 1
7412 1
7413 1
7414 1
7415 1
7416 1
7417 1
7418 1
7419 1
7420 1
7421 1
7422 1
7423 1
7424 1
7425 1
7426 1
7427 1
7428 1
7429 1
7430 1
7431 1
7432 1
7433 1
7434 1
7435 1
7436 1
7437 1
7438 1
7439 1
7440 1
7441 1
7442 1
7443 1
7444 1
7445 1
7446 1
7447 1
7448 1
7449 1
7450 1
7451 1
7452 1
7453 1
7454 1
7455 1
7456 1
7457 1
7458 1
7459 1
7460 1
7461 1
7462 1
7463 1
7464 1
7465 1
7466 1
7467 1
7468 1
7469 1
7470 1
7471 1
7472 1
7473 1
7474 1
7475 1
7476 1
7477 1
7478 1
7479 1
7480 1
7481 1
7482 1
7483 1
7484 1
7485 1
7486 1
7487 1
7488 1
7489 1
7490 1
7491 1
7492 1
7493 1
7494 1
7495 1
7496 1
7497 1
7498 1
7499 1
7500 1
7501 1
7502 1
7503 1
7504 1
7505 1
7506 1
7507 1
7508 1
7509 1
7510 1
7511 1
7512 1
7513 1
7514 1
7515 1
7516 1
7517 1
7518 1
7519 1
7520 1
7521 1
7522 1
7523 1
7524 1
7525 1
7526 1
7527 1
7528 1
7529 1
7530 1
7531 1
7532 1
7533 1
7534 1
7535 1
7536 1
7537 1
7538 1
7539 1
7540 1
7541 1
7542 1
7543 1
7544 1
7545 1
7546 1
7547 1
7548 1
7549 1
7550 1
7551 1
7552 1
7553 1
7554 1
7555 1
7556 1
7557 1
7558 1
7559 1
7560 1
7561 1
7562 1
7563 1
7564 1
7565 1
7566 1
7567 1
7568 1
7569 1
7570 1
7571 1
7572 1
7573 1
7574 1
7575 1
7576 1
7577 1
7578 1
7579 1
7580 1
7581 1
7582 1
7583 1
7584 1
7585 1
7586 1
7587 1
7588 1
7589 1
7590 1
7591 1
7592 1
7593 1
7594 1
7595 1
7596 1
7597 1
7598 1
7599 1
7600 1
7601 1
7602 1
7603 1
7604 1
7605 1
7606 1
7607 1
7608 1
7609 1
7610 1
7611 1
7612 1
7613 1
7614 1
7615 1
7616 1
7617 1
7618 1
7619 1
7620 1
7621 1
7622 1
7623 1
7624 1
7625 1
7626 1
7627 1
7628 1
7629 1
7630 1
7631 1
7632 1
7633 1
7634 1
7635 1
7636 1
7637 1
7638 1
7639 1
7640 1
7641 1
7642 1
7643 1
7644 1
7645 1
7646 1
7647 1
7648 1
7649 1
7650 1
7651 1
7652 1
7653 1
7654 1
7655 1
7656 1
7657 1
7658 1
7659 1
7660 1
7661 1
7662 1
7663 1
7664 1
7665 1
7666 1
7667 1
7668 1
7669 1
7670 1
7671 1
7672 1
7673 1
7674 1
7675 1
7676 1
7677 1
7678 1
7679 1
7680 1
7681 1
7682 1
7683 1
7684 1
7685 1
7686 1
7687 1
7688 1
7689 1
7690 1
7691 1
7692 1
7693 1
7694 1
7695 1
7696 1
7697 1
7698 1
7699 1
7700 1
7701 1
7702 1
7703 1
7704 1
7705 1
7706 1
7707 1
7708 1
7709 1
7710 1
7711 1
7712 1
7713 1
7714 1
7715 1
7716 1
7717 1
7718 1
7719 1
7720 1
7721 1
7722 1
7723 1
7724 1
7725 1
7726 1
7727 1
7728 1
7729 1
7730 1
7731 1
7732 1
7733 1
7734 1
7735 1
7736 1
7737 1
7738 1
7739 1
7740 1
7741 1
7742 1
7743 1
7744 1
7745 1
7746 1
7747 1
7748 1
7749 1
7750 1
7751 1
7752 1
7753 1
7754 1
7755 1
7756 1
7757 1
7758 1
7759 1
7760 1
7761 1
7762 1
7763 1
7764 1
7765 1
7766 1
7767 1
7768 1
7769 1
7770 1
7771 1
7772 1
7773 1
7774 1
7775 1
7776 1
7777 1
7778 1
7779 1
7780 1
7781 1
7782 1
7783 1
7784 1
7785 1
7786 1
7787 1
7788 1
7789 1
7790 1
7791 1
7792 1
7793 1
7794 1
7795 1
7796 1
7797 1
7798 1
7799 1
7800 1
7801 1
7802 1
7803 1
7804 1
7805 1
7806 1
7807 1
7808 1
7809 1
7810 1
7811 1
7812 1
7813 1
7814 1
7815 1
7816 1
7817 1
7818 1
7819 1
7820 1
7821 1
7822 1
7823 1
7824 1
7825 1
7826 1
7827 1
7828 1
7829 1
7830 1
7831 1
7832 1
7833 1
7834 1
7835 1
7836 1
7837 0
7838 0
7839 0
7840 0
7841 0
7842 0
7843 0
7844 0
7845 0
7846 0
7847 0
7848 0
7849 0
7850 0
7851 0
7852 0
7853 0
7854 0
7855 0
7856 0
7857 0
7858 0
7859 0
7860 0
7861 0
7862 0
7863 0
7864 0
7865 0
7866 0
7867 0
7868 0
7869 0
7870 0
7871 0
7872 0
7873 0
7874 0
7875 0
7876 0
7877 0
7878 0
7879 0
7880 0
7881 0
7882 0
7883 0
7884 0
7885 0
7886 0
7887 0
7888 0
7889 0
7890 0
7891 0
7892 0
7893 0
7894 0
7895 0
7896 0
7897 0
7898 0
7899 0
7900 0
7901 0
7902 0
7903 0
7904 0
7905 0
7906 0
7907 0
7908 0
7909 0
7910 0
7911 0
7912 0
7913 0
7914 0
7915 0
7916 0
7917 0
7918 0
7919 0
7920 0
7921 0
7922 0
7923 0
7924 0
7925 0
7926 0
7927 0
7928 0
7929 0
7930 0
7931 0
7932 0
7933 0
7934 0
7935 0
7936 0
7937 0
7938 0
7939 0
7940 0
7941 0
7942 0
7943 0
7944 0
7945 0
7946 0
7947 0
7948 0
7949 0
7950 0
7951 0
7952 0
7953 0
7954 0
7955 0
7956 0
7957 0
7958 0
7959 0
7960 0
7961 0
7962 0
7963 0
7964 0
7965 0
7966 0
7967 0
7968 0
7969 0
7970 0
7971 0
7972 0
7973 0
7974 0
7975 0
7976 0
7977 0
7978 0
7979 0
7980 0
7981 0
7982 0
7983 0
7984 0
7985 0
7986 0
7987 0
7988 0
7989 0
7990 0
7991 0
7992 0
7993 0
7994 0
7995 0
7996 0
7997 0
7998 0
7999 0
8000 0
8001 0
8002 0
8003 0
8004 0
8005 0
8006 0
8007 0
8008 0
8009 0
8010 0
8011 0
8012 0
8013 0
8014 0
8015 0
8016 0
8017 0
8018 0
8019 0
8020 0
8021 0
8022 0
8023 0
8024 0
8025 0
8026 0
8027 0
8028 0
8029 0
8030 0
8031 0
8032 0
8033 0
8034 0
8035 0
8036 0
8037 0
8038 0
8039 0
8040 0
8041 0
8042 0
8043 0
8044 0
8045 0
8046 0
8047 0
8048 0
8049 0
8050 0
8051 0
8052 0
8053 0
8054 0
8055 0
8056 0
8057 0
8058 0
8059 0
8060 0
8061 0
8062 0
8063 0
8064 0
8065 0
8066 0
8067 0
8068 0
8069 0
8070 0
8071 0
8072 0
8073 0
8074 0
8075 0
8076 0
8077 0
8078 0
8079 0
8080 0
8081 0
8082 0
8083 0
8084 0
8085 0
8086 0
8087 0
8088 0
8089 0
8090 0
8091 0
8092 0
8093 0
8094 0
8095 0
8096 0
8097 0
8098 0
8099 0
8100 0
8101 0
8102 0
8103 0
8104 0
8105 0
8106 0
8107 0
8108 0
8109 0
8110 0
8111 0
8112 0
8113 0
8114 0
8115 0
8116 0
8117 0
8118 0
8119 0
8120 0
8121 0
8122 0
8123 0
8124 0
8125 0
8126 0
8127 0
8128 0
8129 0
8130 0
8131 0
8132 0
8133 0
8134 0
8135 0
8136 0
8137 0
8138 0
8139 0
8140 0
8141 0
8142 0
8143 0
8144 0
8145 0
8146 0
8147 0
8148 0
8149 0
8150 0
8151 0
8152 0
8153 0
8154 0
8155 0
8156 0
8157 0
8158 0
8159 0
8160 0
8161 0
8162 0
8163 0
8164 0
8165 0
8166 0
8167 0
8168 0
8169 0
8170 0
8171 0
8172 0
8173 0
8174 0
8175 0
8176 0
8177 0
8178 0
8179 0
8180 0
8181 0
8182 0
8183 0
8184 0
8185 0
8186 0
8187 0
8188 0
8189 0
8190 0
8191 0
8192 0
8193 0
8194 0
8195 0
8196 0
8197 0
8198 0
8199 0
8200 0
8201 0
8202 0
8203 0
8204 0
8205 0
8206 0
8207 0
8208 0
8209 0
8210 0
8211 0
8212 0
8213 0
8214 0
8215 0
8216 0
8217 0
8218 0
8219 0
8220 0
8221 0
8222 0
8223 0
8224 0
8225 0
8226 0
8227 0
8228 0
8229 0
8230 0
8231 0
8232 0
8233 0
8234 0
8235 0
8236 0
8237 0
8238 0
8239 0
8240 0
8241 0
8242 0
8243 0
8244 0
8245 0
8246 0
8247 0
8248 0
8249 0
8250 0
8251 0
8252 0
8253 0
8254 0
8255 0
8256 0
8257 0
8258 0
8259 0
8260 0
8261 0
8262 0
8263 0
8264 0
8265 0
8266 0
8267 0
8268 0
8269 0
8270 0
8271 0
8272 0
8273 0
8274 0
8275 0
8276 0
8277 0
8278 0
8279 0
8280 0
8281 0
8282 0
8283 0
8284 0
8285 0
8286 0
8287 0
8288 0
8289 0
8290 0
8291 0
8292 0
8293 0
8294 0
8295 0
8296 0
8297 0
8298 0
8299 0
8300 0
8301 0
8302 0
8303 0
8304 0
8305 0
8306 0
8307 0
8308 0
8309 0
8310 0
8311 0
8312 0
8313 0
8314 0
8315 0
8316 0
8317 0
8318 0
8319 0
8320 0
8321 0
8322 0
8323 0
8324 0
8325 0
8326 0
8327 0
8328 0
8329 0
8330 0
8331 0
8332 0
8333 0
8334 0
8335 0
8336 0
8337 0
8338 0
8339 0
8340 0
8341 0
8342 0
8343 0
8344 0
8345 0
8346 0
8347 0
8348 0
8349 0
8350 0
8351 0
8352 0
8353 0
8354 0
8355 0
8356 0
8357 0
8358 0
8359 0
8360 0
8361 0
8362 0
8363 0
8364 0
8365 0
8366 0
8367 0
8368 0
8369 0
8370 0
8371 0
8372 0
8373 0
8374 0
8375 0
8376 0
8377 0
8378 0
8379 0
8380 0
8381 0
8382 0
8383 0
8384 0
8385 0
8386 0
8387 0
8388 0
8389 0
8390 0
8391 0
8392 0
8393 0
8394 0
8395 0
8396 0
8397 0
8398 0
8399 0
8400 0
8401 0
8402 0
8403 0
8404 0
8405 0
8406 0
8407 0
8408 0
8409 0
8410 0
8411 0
8412 0
8413 0
8414 0
8415 0
8416 0
8417 0
8418 0
8419 0
8420 0
8421 0
8422 0
8423 0
8424 0
8425 0
8426 0
8427 0
8428 0
8429 0
8430 0
8431 0
8432 0
8433 0
8434 0
8435 0
8436 0
8437 0
8438 0
8439 0
8440 0
8441 0
8442 0
8443 0
8444 0
8445 0
8446 0
8447 0
8448 0
8449 0
8450 0
8451 0
8452 0
8453 0
8454 0
8455 0
8456 0
8457 0
8458 0
8459 0
8460 0
8461 0
8462 0
8463 0
8464 0
8465 0
8466 0
8467 0
8468 0
8469 0
8470 0
8471 0
8472 0
8473 0
8474 0
8475 0
8476 0
8477 0
8478 0
8479 0
8480 0
8481 0
8482 0
8483 0
8484 0
8485 0
8486 0
8487 0
8488 0
8489 0
8490 0
8491 0
8492 0
8493 0
8494 0
8495 0
8496 0
8497 0
8498 0
8499 0
8500 0
8501 0
8502 0
8503 0
8504 0
8505 0
8506 0
8507 0
8508 0
8509 0
8510 0
8511 0
8512 0
8513 0
8514 0
8515 0
8516 0
8517 0
8518 0
8519 0
8520 0
8521 0
8522 0
8523 0
8524 0
8525 0
8526 0
8527 0
8528 0
8529 0
8530 0
8531 0
8532 0
8533 0
8534 0
8535 0
8536 0
8537 0
8538 0
8539 0
8540 0
8541 0
8542 0
8543 0
8544 0
8545 0
8546 0
8547 0
8548 0
8549 0
8550 0
8551 0
8552 0
8553 0
8554 0
8555 0
8556 0
8557 0
8558 0
8559 0
8560 0
8561 0
8562 0
8563 0
8564 0
8565 0
8566 0
8567 0
8568 0
8569 0
8570 0
8571 0
8572 0
8573 0
8574 0
8575 0
8576 0
8577 0
8578 0
8579 0
8580 0
8581 0
8582 0
8583 0
8584 0
8585 0
8586 0
8587 0
8588 0
8589 0
8590 0
8591 0
8592 0
8593 0
8594 0
8595 0
8596 0
8597 0
8598 0
8599 0
8600 0
8601 0
8602 0
8603 0
8604 0
8605 0
8606 0
8607 0
8608 0
8609 0
8610 0
8611 0
8612 0
8613 0
8614 0
8615 0
8616 0
8617 0
8618 0
8619 0
8620 0
8621 0
8622 0
8623 0
8624 0
8625 0
8626 0
8627 0
8628 0
8629 0
8630 0
8631 0
8632 0
8633 0
8634 0
8635 0
8636 0
8637 0
8638 0
8639 0
8640 0
8641 0
8642 0
8643 0
8644 0
8645 0
8646 0
8647 0
8648 0
8649 0
8650 0
8651 0
8652 0
8653 0
8654 0
8655 0
8656 0
8657 0
8658 0
8659 0
8660 0
8661 0
8662 0
8663 0
8664 0
8665 0
8666 0
8667 0
8668 0
8669 0
8670 0
8671 0
8672 0
8673 0
8674 0
8675 0
8676 0
8677 0
8678 0
8679 0
8680 0
8681 0
8682 0
8683 0
8684 0
8685 0
8686 0
8687 0
8688 0
8689 0
8690 0
8691 0
8692 0
8693 0
8694 0
8695 0
8696 0
8697 0
8698 0
8699 0
8700 0
8701 0
8702 0
8703 0
8704 0
8705 0
8706 0
8707 0
8708 0
8709 0
8710 0
8711 0
8712 0
8713 0
8714 0
8715 0
8716 0
8717 0
8718 0
8719 0
8720 0
8721 0
8722 0
8723 0
8724 0
8725 0
8726 0
8727 0
8728 0
8729 0
8730 0
8731 0
8732 0
8733 0
8734 0
8735 0
8736 0
8737 0
8738 0
8739 0
8740 0
8741 0
8742 0
8743 0
8744 0
8745 0
8746 0
8747 0
8748 0
8749 0
8750 0
8751 0
8752 0
8753 0
8754 0
8755 0
8756 0
8757 0
8758 0
8759 0
8760 0
8761 0
8762 0
8763 0
8764 0
8765 0
8766 0
8767 0
8768 0
8769 0
8770 0
8771 0
8772 0
8773 0
8774 0
8775 0
8776 0
8777 0
8778 0
8779 0
8780 0
8781 0
8782 0
8783 0
8784 0
8785 0
8786 0
8787 0
8788 0
8789 0
8790 0
8791 0
8792 0
8793 0
8794 0
8795 0
8796 0
8797 0
8798 0
8799 0
8800 0
8801 0
8802 0
8803 0
8804 0
8805 0
8806 0
8807 0
8808 0
8809 0
8810 0
8811 0
8812 0
8813 0
8814 0
8815 0
8816 0
8817 0
8818 0
8819 0
8820 0
8821 0
8822 0
8823 0
8824 0
8825 0
8826 0
8827 0
8828 0
8829 0
8830 0
8831 0
8832 0
8833 0
8834 0
8835 0
8836 0
8837 3
8838 3
8839 3
8840 3
8841 3
8842 3
8843 3
8844 3
8845 3
8846 3
8847 3
8848 3
8849 3
8850 3
8851 3
8852 3
8853 3
8854 3
8855 3
8856 3
8857 3
8858 3
8859 3
8860 3
8861 3
8862 3
8863 3
8864 3
8865 3
8866 3
8867 3
8868 3
8869 3
8870 3
8871 3
8872 3
8873 3
8874 3
8875 3
8876 3
8877 3
8878 3
8879 3
8880 3
8881 3
8882 3
8883 3
8884 3
8885 3
8886 3
8887 3
8888 3
8889 3
8890 3
8891 3
8892 3
8893 3
8894 3
8895 3
8896 3
8897 3
8898 3
8899 3
8900 3
8901 3
8902 3
8903 3
8904 3
8905 3
8906 3
8907 3
8908 3
8909 3
8910 3
8911 3
8912 3
8913 3
8914 3
8915 3
8916 3
8917 3
8918 3
8919 3
8920 3
8921 3
8922 3
8923 3
8924 3
8925 3
8926 3
8927 3
8928 3
8929 3
8930 3
8931 3
8932 3
8933 3
8934 3
8935 3
8936 3
8937 3
8938 3
8939 3
8940 3
8941 3
8942 3
8943 3
8944 3
8945 3
8946 3
8947 3
8948 3
8949 3
8950 3
8951 3
8952 3
8953 3
8954 3
8955 3
8956 3
8957 3
8958 3
8959 3
8960 3
8961 3
8962 3
8963 3
8964 3
8965 3
8966 3
8967 3
8968 3
8969 3
8970 3
8971 3
8972 3
8973 3
8974 3
8975 3
8976 3
8977 3
8978 3
8979 3
8980 3
8981 3
8982 3
8983 3
8984 3
8985 3
8986 3
8987 3
8988 3
8989 3
8990 3
8991 3
8992 3
8993 3
8994 3
8995 3
8996 3
8997 3
8998 3
8999 3
9000 3
9001 3
9002 3
9003 3
9004 3
9005 3
9006 3
9007 3
9008 3
9009 3
9010 3
9011 3
9012 3
9013 3
9014 3
9015 3
9016 3
9017 3
9018 3
9019 3
9020 3
9021 3
9022 3
9023 3
9024 3
9025 3
9026 3
9027 3
9028 3
9029 3
9030 3
9031 3
9032 3
9033 3
9034 3
9035 3
9036 3
9037 3
9038 3
9039 3
9040 3
9041 3
9042 3
9043 3
9044 3
9045 3
9046 3
9047 3
9048 3
9049 3
9050 3
9051 3
9052 3
9053 3
9054 3
9055 3
9056 3
9057 3
9058 3
9059 3
9060 3
9061 3
9062 3
9063 3
9064 3
9065 3
9066 3
9067 3
9068 3
9069 3
9070 3
9071 3
9072 3
9073 3
9074 3
9075 3
9076 3
9077 3
9078 3
9079 3
9080 3
9081 3
9082 3
9083 3
9084 3
9085 3
9086 3
9087 3
9088 3
9089 3
9090 3
9091 3
9092 3
9093 3
9094 3
9095 3
9096 3
9097 3
9098 3
9099 3
9100 3
9101 3
9102 3
9103 3
9104 3
9105 3
9106 3
9107 3
9108 3
9109 3
9110 3
9111 3
9112 3
9113 3
9114 3
9115 3
9116 3
9117 3
9118 3
9119 3
9120 3
9121 3
9122 3
9123 3
9124 3
9125 3
9126 3
9127 3
9128 3
9129 3
9130 3
9131 3
9132 3
9133 3
9134 3
9135 3
9136 3
9137 3
9138 3
9139 3
9140 3
9141 3
9142 3
9143 3
9144 3
9145 3
9146 3
9147 3
9148 3
9149 3
9150 3
9151 3
9152 3
9153 3
9154 3
9155 3
9156 3
9157 3
9158 3
9159 3
9160 3
9161 3
9162 3
9163 3
9164 3
9165 3
9166 3
9167 3
9168 3
9169 3
9170 3
9171 3
9172 3
9173 3
9174 3
9175 3
9176 3
9177 3
9178 3
9179 3
9180 3
9181 3
9182 3
9183 3
9184 3
9185 3
9186 3
9187 3
9188 3
9189 3
9190 3
9191 3
9192 3
9193 3
9194 3
9195 3
9196 3
9197 3
9198 3
9199 3
9200 3
9201 3
9202 3
9203 3
9204 3
9205 3
9206 3
9207 3
9208 3
9209 3
9210 3
9211 3
9212 3
9213 3
9214 3
9215 3
9216 3
9217 3
9218 3
9219 3
9220 3
9221 3
9222 3
9223 3
9224 3
9225 3
9226 3
9227 3
9228 3
9229 3
9230 3
9231 3
9232 3
9233 3
9234 3
9235 3
9236 3
9237 3
9238 3
9239 3
9240 3
9241 3
9242 3
9243 3
9244 3
9245 3
9246 3
9247 3
9248 3
9249 3
9250 3
9251 3
9252 3
9253 3
9254 3
9255 3
9256 3
9257 3
9258 3
9259 3
9260 3
9261 3
9262 3
9263 3
9264 3
9265 3
9266 3
9267 3
9268 3
9269 3
9270 3
9271 3
9272 3
9273 3
9274 3
9275 3
9276 3
9277 3
9278 3
9279 3
9280 3
9281 3
9282 3
9283 3
9284 3
9285 3
9286 3
9287 3
9288 3
9289 3
9290 3
9291 3
9292 3
9293 3
9294 3
9295 3
9296 3
9297 3
9298 3
9299 3
9300 3
9301 3
9302 3
9303 3
9304 3
9305 3
9306 3
9307 3
9308 3
9309 3
9310 3
9311 3
9312 3
9313 3
9314 3
9315 3
9316 3
9317 3
9318 3
9319 3
9320 3
9321 3
9322 3
9323 3
9324 3
9325 3
9326 3
9327 3
9328 3
9329 3
9330 3
9331 3
9332 3
9333 3
9334 3
9335 3
9336 3
9337 3
9338 3
9339 3
9340 3
9341 3
9342 3
9343 3
9344 3
9345 3
9346 3
9347 3
9348 3
9349 3
9350 3
9351 3
9352 3
9353 3
9354 3
9355 3
9356 3
9357 3
9358 3
9359 3
9360 3
9361 3
9362 3
9363 3
9364 3
9365 3
9366 3
9367 3
9368 3
9369 3
9370 3
9371 3
9372 3
9373 3
9374 3
9375 3
9376 3
9377 3
9378 3
9379 3
9380 3
9381 3
9382 3
9383 3
9384 3
9385 3
9386 3
9387 3
9388 3
9389 3
9390 3
9391 3
9392 3
9393 3
9394 3
9395 3
9396 3
9397 3
9398 3
9399 3
9400 3
9401 3
9402 3
9403 3
9404 3
9405 3
9406 3
9407 3
9408 3
9409 3
9410 3
9411 3
9412 3
9413 3
9414 3
9415 3
9416 3
9417 3
9418 3
9419 3
9420 3
9421 3
9422 3
9423 3
9424 3
9425 3
9426 3
9427 3
9428 3
9429 3
9430 3
9431 3
9432 3
9433 3
9434 3
9435 3
9436 3
9437 3
9438 3
9439 3
9440 3
9441 3
9442 3
9443 3
9444 3
9445 3
9446 3
9447 3
9448 3
9449 3
9450 3
9451 3
9452 3
9453 3
9454 3
9455 3
9456 3
9457 3
9458 3
9459 3
9460 3
9461 3
9462 3
9463 3
9464 3
9465 3
9466 3
9467 3
9468 3
9469 3
9470 3
9471 3
9472 3
9473 3
9474 3
9475 3
9476 3
9477 3
9478 3
9479 3
9480 3
9481 3
9482 3
9483 3
9484 3
9485 3
9486 3
9487 3
9488 3
9489 3
9490 3
9491 3
9492 3
9493 3
9494 3
9495 3
9496 3
9497 3
9498 3
9499 3
9500 3
9501 3
9502 3
9503 3
9504 3
9505 3
9506 3
9507 3
9508 3
9509 3
9510 3
9511 3
9512 3
9513 3
9514 3
9515 3
9516 3
9517 3
9518 3
9519 3
9520 3
9521 3
9522 3
9523 3
9524 3
9525 3
9526 3
9527 3
9528 3
9529 3
9530 3
9531 3
9532 3
9533 3
9534 3
9535 3
9536 3
9537 3
9538 3
9539 3
9540 3
9541 3
9542 3
9543 3
9544 3
9545 3
9546 3
9547 3
9548 3
9549 3
9550 3
9551 3
9552 3
9553 3
9554 3
9555 3
9556 3
9557 3
9558 3
9559 3
9560 3
9561 3
9562 3
9563 3
9564 3
9565 3
9566 3
9567 3
9568 3
9569 3
9570 3
9571 3
9572 3
9573 3
9574 3
9575 3
9576 3
9577 3
9578 3
9579 3
9580 3
9581 3
9582 3
9583 3
9584 3
9585 3
9586 3
9587 3
9588 3
9589 3
9590 3
9591 3
9592 3
9593 3
9594 3
9595 3
9596 3
9597 3
9598 3
9599 3
9600 3
9601 3
9602 3
9603 3
9604 3
9605 3
9606 3
9607 3
9608 3
9609 3
9610 3
9611 3
9612 3
9613 3
9614 3
9615 3
9616 3
9617 3
9618 3
9619 3
9620 3
9621 3
9622 3
9623 3
9624 3
9625 3
9626 3
9627 3
9628 3
9629 3
9630 3
9631 3
9632 3
9633 3
9634 3
9635 3
9636 3
9637 3
9638 3
9639 3
9640 3
9641 3
9642 3
9643 3
9644 3
9645 3
9646 3
9647 3
9648 3
9649 3
9650 3
9651 3
9652 3
9653 3
9654 3
9655 3
9656 3
9657 3
9658 3
9659 3
9660 3
9661 3
9662 3
9663 3
9664 3
9665 3
9666 3
9667 3
9668 3
9669 3
9670 3
9671 3
9672 3
9673 3
9674 3
9675 3
9676 3
9677 3
9678 3
9679 3
9680 3
9681 3
9682 3
9683 3
9684 3
9685 3
9686 3
9687 3
9688 3
9689 3
9690 3
9691 3
9692 3
9693 3
9694 3
9695 3
9696 3
9697 3
9698 3
9699 3
9700 3
9701 3
9702 3
9703 3
9704 3
9705 3
9706 3
9707 3
9708 3
9709 3
9710 3
9711 3
9712 3
9713 3
9714 3
9715 3
9716 3
9717 3
9718 3
9719 3
9720 3
9721 3
9722 3
9723 3
9724 3
9725 3
9726 3
9727 3
9728 3
9729 3
9730 3
9731 3
9732 3
9733 3
9734 3
9735 3
9736 3
9737 3
9738 3
9739 3
9740 3
9741 3
9742 3
9743 3
9744 3
9745 3
9746 3
9747 3
9748 3
9749 3
9750 3
9751 3
9752 3
9753 3
9754 3
9755 3
9756 3
9757 3
9758 3
9759 3
9760 3
9761 3
9762 3
9763 3
9764 3
9765 3
9766 3
9767 3
9768 3
9769 3
9770 3
9771 3
9772 3
9773 3
9774 3
9775 3
9776 3
9777 3
9778 3
9779 3
9780 3
9781 3
9782 3
9783 3
9784 3
9785 3
9786 3
9787 3
9788 3
9789 3
9790 3
9791 3
9792 3
9793 3
9794 3
9795 3
9796 3
9797 3
9798 3
9799 3
9800 3
9801 3
9802 3
9803 3
9804 3
9805 3
9806 3
9807 3
9808 3
9809 3
9810 3
9811 3
9812 3
9813 3
9814 3
9815 3
9816 3
9817 3
9818 3
9819 3
9820 3
9821 3
9822 3
9823 3
9824 3
9825 3
9826 3
9827 3
9828 3
9829 3
9830 3
9831 3
9832 3
9833 3
9834 3
9835 3
9836 3
9837 2
9838 2
9839 2
9840 2
9841 2
9842 2
9843 2
9844 2
9845 2
9846 2
9847 2
9848 2
9849 2
9850 2
9851 2
9852 2
9853 2
9854 2
9855 2
9856 2
9857 2
9858 2
9859 2
9860 2
9861 2
9862 2
9863 2
9864 2
9865 2
9866 2
9867 2
9868 2
9869 2
9870 2
9871 2
9872 2
9873 2
9874 2
9875 2
9876 2
9877 2
9878 2
9879 2
9880 2
9881 2
9882 2
9883 2
9884 2
9885 2
9886 2
9887 2
9888 2
9889 2
9890 2
9891 2
9892 2
9893 2
9894 2
9895 2
9896 2
9897 2
9898 2
9899 2
9900 2
9901 2
9902 2
9903 2
9904 2
9905 2
9906 2
9907 2
9908 2
9909 2
9910 2
9911 2
9912 2
9913 2
9914 2
9915 2
9916 2
9917 2
9918 2
9919 2
9920 2
9921 2
9922 2
9923 2
9924 2
9925 2
9926 2
9927 2
9928 2
9929 2
9930 2
9931 2
9932 2
9933 2
9934 2
9935 2
9936 2
9937 2
9938 2
9939 2
9940 2
9941 2
9942 2
9943 2
9944 2
9945 2
9946 2
9947 2
9948 2
9949 2
9950 2
9951 2
9952 2
9953 2
9954 2
9955 2
9956 2
9957 2
9958 2
9959 2
9960 2
9961 2
9962 2
9963 2
9964 2
9965 2
9966 2
9967 2
9968 2
9969 2
9970 2
9971 2
9972 2
9973 2
9974 2
9975 2
9976 2
9977 2
9978 2
9979 2
9980 2
9981 2
9982 2
9983 2
9984 2
9985 2
9986 2
9987 2
9988 2
9989 2
9990 2
9991 2
9992 2
9993 2
9994 2
9995 2
9996 2
9997 2
9998 2
9999 2
