0 0
1 0
2 0
3 0
4 0
5 0
6 0
7 0
8 0
9 0
10 0
11 0
12 0
13 0
14 0
15 0
16 0
17 0
18 0
19 0
20 0
21 0
22 0
23 0
24 0
25 0
26 0
27 0
28 0
29 0
30 0
31 0
32 0
33 0
34 0
35 0
36 0
37 0
38 0
39 0
40 0
41 0
42 0
43 0
44 0
45 0
46 0
47 0
48 0
49 0
50 0
51 0
52 0
53 0
54 0
55 0
56 0
57 0
58 0
59 0
60 0
61 0
62 0
63 0
64 0
65 0
66 0
67 0
68 0
69 0
70 0
71 0
72 0
73 0
74 0
75 0
76 0
77 0
78 0
79 0
80 0
81 0
82 0
83 0
84 0
85 0
86 0
87 0
88 0
89 0
90 0
91 0
92 0
93 0
94 0
95 0
96 0
97 0
98 0
99 0
100 0
101 0
102 0
103 0
104 0
105 0
106 0
107 0
108 0
109 0
110 0
111 0
112 0
113 0
114 0
115 0
116 0
117 0
118 0
119 0
120 0
121 0
122 0
123 0
124 0
125 0
126 0
127 0
128 0
129 0
130 0
131 0
132 0
133 0
134 0
135 0
136 0
137 0
138 0
139 0
140 0
141 0
142 0
143 0
144 0
145 0
146 0
147 0
148 0
149 0
150 0
151 0
152 0
153 0
154 0
155 0
156 0
157 0
158 0
159 0
160 0
161 0
162 0
163 0
164 0
165 0
166 0
167 0
168 0
169 0
170 0
171 0
172 0
173 0
174 0
175 0
176 0
177 0
178 0
179 0
180 0
181 0
182 0
183 0
184 0
185 0
186 0
187 0
188 0
189 0
190 0
191 0
192 0
193 0
194 0
195 0
196 0
197 0
198 0
199 0
200 0
201 0
202 0
203 0
204 0
205 0
206 0
207 0
208 0
209 0
210 0
211 0
212 0
213 0
214 0
215 0
216 0
217 0
218 0
219 0
220 0
221 0
222 0
223 0
224 0
225 0
226 0
227 0
228 0
229 0
230 0
231 0
232 0
233 0
234 0
235 0
236 0
237 0
238 0
239 0
240 0
241 0
242 0
243 0
244 0
245 0
246 0
247 0
248 0
249 0
250 0
251 0
252 0
253 0
254 0
255 0
256 0
257 0
258 0
259 0
260 0
261 0
262 0
263 0
264 0
265 0
266 0
267 0
268 0
269 0
270 0
271 0
272 0
273 0
274 0
275 0
276 0
277 0
278 0
279 0
280 0
281 0
282 0
283 0
284 0
285 0
286 0
287 0
288 0
289 0
290 0
291 0
292 0
293 0
294 0
295 0
296 0
297 0
298 0
299 0
300 0
301 0
302 0
303 0
304 0
305 0
306 0
307 0
308 0
309 0
310 0
311 0
312 0
313 0
314 0
315 0
316 0
317 0
318 0
319 0
320 0
321 0
322 0
323 0
324 0
325 0
326 0
327 0
328 0
329 0
330 0
331 0
332 0
333 0
334 0
335 0
336 0
337 0
338 0
339 0
340 0
341 0
342 0
343 0
344 0
345 0
346 0
347 0
348 0
349 0
350 0
351 0
352 0
353 0
354 0
355 0
356 0
357 0
358 0
359 0
360 0
361 0
362 0
363 0
364 0
365 0
366 0
367 0
368 0
369 0
370 0
371 0
372 0
373 0
374 0
375 0
376 0
377 0
378 0
379 0
380 0
381 0
382 0
383 0
384 0
385 0
386 0
387 0
388 0
389 0
390 0
391 0
392 0
393 0
394 0
395 0
396 0
397 0
398 0
399 0
400 0
401 0
402 0
403 0
404 0
405 0
406 0
407 0
408 0
409 0
410 0
411 0
412 0
413 0
414 0
415 0
416 0
417 0
418 0
419 0
420 0
421 0
422 0
423 0
424 0
425 0
426 0
427 0
428 0
429 0
430 0
431 0
432 0
433 0
434 0
435 0
436 0
437 0
438 0
439 0
440 0
441 0
442 0
443 0
444 0
445 0
446 0
447 0
448 0
449 0
450 0
451 0
452 0
453 0
454 0
455 0
456 0
457 0
458 0
459 0
460 0
461 0
462 0
463 0
464 0
465 0
466 0
467 0
468 0
469 0
470 0
471 0
472 0
473 0
474 0
475 0
476 0
477 0
478 0
479 0
480 0
481 0
482 0
483 0
484 0
485 0
486 0
487 0
488 0
489 0
490 0
491 0
492 0
493 0
494 0
495 0
496 0
497 0
498 0
499 0
500 0
501 0
502 3
503 0
504 0
505 0
506 0
507 0
508 0
509 0
510 0
511 0
512 0
513 0
514 0
515 0
516 0
517 0
518 0
519 0
520 0
521 0
522 0
523 0
524 0
525 0
526 0
527 0
528 0
529 0
530 0
531 0
532 0
533 0
534 0
535 0
536 0
537 0
538 0
539 0
540 0
541 0
542 0
543 3
544 0
545 0
546 3
547 0
548 3
549 0
550 3
551 0
552 3
553 0
554 3
555 0
556 3
557 0
558 3
559 0
560 3
561 0
562 3
563 0
564 3
565 0
566 3
567 0
568 3
569 0
570 3
571 0
572 3
573 0
574 3
575 0
576 3
577 0
578 3
579 0
580 3
581 0
582 3
583 0
584 3
585 0
586 3
587 0
588 3
589 0
590 3
591 0
592 3
593 0
594 3
595 0
596 3
597 0
598 3
599 0
600 3
601 0
602 3
603 0
604 3
605 0
606 3
607 0
608 3
609 0
610 3
611 0
612 3
613 0
614 3
615 0
616 3
617 0
618 3
619 0
620 3
621 0
622 3
623 0
624 3
625 0
626 3
627 0
628 3
629 0
630 3
631 0
632 3
633 0
634 3
635 0
636 3
637 0
638 3
639 0
640 3
641 0
642 3
643 0
644 3
645 0
646 3
647 0
648 3
649 0
650 3
651 0
652 3
653 0
654 3
655 0
656 3
657 0
658 3
659 0
660 3
661 0
662 3
663 0
664 1
665 3
666 0
667 3
668 0
669 3
670 0
671 3
672 0
673 3
674 0
675 3
676 0
677 3
678 0
679 3
680 0
681 3
682 0
683 3
684 0
685 3
686 0
687 3
688 0
689 3
690 0
691 3
692 0
693 3
694 0
695 3
696 0
697 3
698 0
699 3
700 0
701 3
702 0
703 3
704 0
705 3
706 0
707 3
708 0
709 3
710 0
711 3
712 0
713 3
714 0
715 3
716 0
717 3
718 0
719 3
720 0
721 3
722 0
723 3
724 0
725 3
726 0
727 3
728 0
729 3
730 0
731 3
732 0
733 3
734 0
735 3
736 0
737 3
738 1
739 0
740 3
741 0
742 3
743 1
744 0
745 3
746 0
747 3
748 1
749 0
750 3
751 0
752 3
753 1
754 0
755 3
756 0
757 1
758 3
759 0
760 3
761 0
762 1
763 3
764 0
765 3
766 1
767 0
768 3
769 0
770 1
771 3
772 0
773 3
774 0
775 1
776 3
777 0
778 3
779 1
780 0
781 3
782 0
783 1
784 3
785 0
786 3
787 0
788 1
789 3
790 0
791 3
792 1
793 0
794 3
795 0
796 3
797 1
798 0
799 3
800 0
801 1
802 3
803 0
804 3
805 1
806 0
807 3
808 0
809 3
810 1
811 0
812 3
813 0
814 3
815 1
816 0
817 3
818 0
819 1
820 3
821 0
822 3
823 0
824 1
825 3
826 0
827 3
828 1
829 0
830 3
831 0
832 1
833 3
834 0
835 3
836 1
837 0
838 3
839 0
840 1
841 3
842 0
843 3
844 1
845 2
846 0
847 3
848 0
849 1
850 3
851 0
852 3
853 1
854 0
855 3
856 0
857 1
858 3
859 0
860 3
861 1
862 0
863 3
864 0
865 1
866 3
867 0
868 3
869 1
870 0
871 3
872 0
873 1
874 3
875 0
876 3
877 1
878 0
879 3
880 0
881 3
882 1
883 0
884 3
885 0
886 3
887 1
888 0
889 3
890 0
891 1
892 3
893 0
894 3
895 0
896 1
897 3
898 0
899 3
900 1
901 0
902 3
903 3
904 1
905 3
906 3
907 1
908 3
909 3
910 1
911 3
912 3
913 1
914 3
915 3
916 1
917 3
918 1
919 3
920 3
921 1
922 3
923 3
924 1
925 3
926 3
927 1
928 3
929 3
930 1
931 3
932 1
933 3
934 3
935 1
936 3
937 3
938 1
939 3
940 3
941 1
942 3
943 1
944 3
945 3
946 1
947 3
948 3
949 1
950 3
951 3
952 1
953 3
954 3
955 1
956 3
957 1
958 3
959 3
960 1
961 3
962 3
963 1
964 3
965 1
966 3
967 3
968 1
969 3
970 3
971 1
972 3
973 2
974 1
975 3
976 3
977 1
978 3
979 2
980 3
981 1
982 2
983 3
984 1
985 3
986 2
987 3
988 1
989 2
990 3
991 3
992 1
993 2
994 3
995 1
996 3
997 2
998 3
999 1
1000 2
1001 3
1002 1
1003 3
1004 2
1005 1
1006 3
1007 2
1008 3
1009 1
1010 3
1011 2
1012 1
1013 3
1014 2
1015 3
1016 1
1017 3
1018 2
1019 1
1020 3
1021 2
1022 3
1023 1
1024 3
1025 2
1026 3
1027 1
1028 2
1029 3
1030 1
1031 3
1032 2
1033 3
1034 1
1035 2
1036 3
1037 3
1038 1
1039 2
1040 3
1041 3
1042 1
1043 2
1044 3
1045 3
1046 1
1047 3
1048 2
1049 3
1050 0
1051 1
1052 3
1053 2
1054 0
1055 3
1056 1
1057 0
1058 2
1059 3
1060 0
1061 1
1062 3
1063 2
1064 0
1065 3
1066 0
1067 2
1068 1
1069 3
1070 0
1071 2
1072 3
1073 0
1074 1
1075 3
1076 0
1077 2
1078 3
1079 0
1080 1
1081 2
1082 3
1083 0
1084 1
1085 3
1086 2
1087 0
1088 3
1089 1
1090 0
1091 2
1092 3
1093 0
1094 1
1095 3
1096 2
1097 0
1098 3
1099 1
1100 0
1101 2
1102 3
1103 0
1104 1
1105 3
1106 2
1107 0
1108 3
1109 0
1110 2
1111 1
1112 3
1113 0
1114 2
1115 3
1116 0
1117 1
1118 3
1119 0
1120 2
1121 3
1122 0
1123 1
1124 2
1125 3
1126 0
1127 2
1128 1
1129 0
1130 3
1131 2
1132 0
1133 3
1134 1
1135 0
1136 2
1137 3
1138 0
1139 1
1140 3
1141 2
1142 0
1143 3
1144 1
1145 0
1146 2
1147 3
1148 0
1149 3
1150 1
1151 0
1152 2
1153 3
1154 0
1155 1
1156 3
1157 2
1158 0
1159 3
1160 1
1161 0
1162 2
1163 3
1164 0
1165 3
1166 1
1167 0
1168 3
1169 0
1170 1
1171 2
1172 3
1173 0
1174 3
1175 2
1176 0
1177 1
1178 3
1179 0
1180 2
1181 3
1182 1
1183 0
1184 3
1185 2
1186 0
1187 1
1188 3
1189 0
1190 2
1191 3
1192 0
1193 1
1194 3
1195 2
1196 0
1197 3
1198 1
1199 0
1200 2
1201 3
1202 0
1203 1
1204 3
1205 2
1206 0
1207 3
1208 0
1209 1
1210 2
1211 3
1212 0
1213 1
1214 3
1215 0
1216 2
1217 3
1218 0
1219 1
1220 2
1221 3
1222 0
1223 3
1224 2
1225 0
1226 1
1227 3
1228 0
1229 2
1230 3
1231 0
1232 1
1233 3
1234 2
1235 0
1236 3
1237 1
1238 0
1239 2
1240 3
1241 0
1242 1
1243 3
1244 2
1245 0
1246 3
1247 1
1248 0
1249 2
1250 3
1251 0
1252 1
1253 3
1254 0
1255 2
1256 3
1257 1
1258 0
1259 3
1260 2
1261 0
1262 3
1263 1
1264 0
1265 2
1266 3
1267 1
1268 0
1269 3
1270 2
1271 0
1272 3
1273 1
1274 2
1275 0
1276 3
1277 1
1278 0
1279 2
1280 3
1281 0
1282 1
1283 3
1284 2
1285 0
1286 3
1287 0
1288 1
1289 3
1290 2
1291 0
1292 3
1293 1
1294 0
1295 2
1296 3
1297 0
1298 3
1299 1
1300 0
1301 2
1302 3
1303 0
1304 1
1305 3
1306 2
1307 0
1308 3
1309 0
1310 1
1311 3
1312 2
1313 0
1314 3
1315 1
1316 0
1317 2
1318 3
1319 0
1320 1
1321 2
1322 3
1323 0
1324 3
1325 0
1326 2
1327 1
1328 3
1329 0
1330 2
1331 3
1332 0
1333 1
1334 3
1335 0
1336 2
1337 3
1338 0
1339 1
1340 2
1341 3
1342 0
1343 1
1344 3
1345 2
1346 0
1347 3
1348 1
1349 0
1350 2
1351 3
1352 0
1353 1
1354 3
1355 2
1356 0
1357 3
1358 1
1359 0
1360 2
1361 3
1362 0
1363 1
1364 3
1365 0
1366 2
1367 3
1368 0
1369 1
1370 2
1371 3
1372 0
1373 3
1374 1
1375 2
1376 0
1377 3
1378 0
1379 2
1380 3
1381 1
1382 0
1383 3
1384 2
1385 0
1386 1
1387 3
1388 2
1389 0
1390 3
1391 1
1392 2
1393 0
1394 3
1395 0
1396 3
1397 1
1398 2
1399 0
1400 3
1401 0
1402 2
1403 1
1404 3
1405 0
1406 2
1407 3
1408 0
1409 1
1410 3
1411 0
1412 2
1413 3
1414 0
1415 1
1416 2
1417 3
1418 0
1419 1
1420 3
1421 0
1422 2
1423 3
1424 0
1425 1
1426 2
1427 3
1428 0
1429 3
1430 1
1431 2
1432 0
1433 3
1434 0
1435 2
1436 3
1437 1
1438 0
1439 3
1440 2
1441 0
1442 1
1443 3
1444 0
1445 2
1446 3
1447 0
1448 1
1449 3
1450 2
1451 0
1452 3
1453 1
1454 0
1455 2
1456 3
1457 0
1458 1
1459 3
1460 2
1461 0
1462 3
1463 0
1464 1
1465 2
1466 3
1467 0
1468 3
1469 2
1470 0
1471 1
1472 3
1473 0
1474 2
1475 3
1476 1
1477 0
1478 3
1479 2
1480 0
1481 1
1482 3
1483 0
1484 2
1485 3
1486 0
1487 1
1488 3
1489 2
1490 0
1491 3
1492 1
1493 0
1494 2
1495 3
1496 0
1497 1
1498 3
1499 2
1500 0
1501 3
1502 0
1503 1
1504 2
1505 3
1506 0
1507 3
1508 2
1509 0
1510 1
1511 3
1512 0
1513 2
1514 3
1515 1
1516 0
1517 3
1518 2
1519 0
1520 3
1521 1
1522 0
1523 2
1524 3
1525 0
1526 1
1527 3
1528 2
1529 0
1530 3
1531 1
1532 0
1533 2
1534 3
1535 0
1536 1
1537 3
1538 2
1539 0
1540 3
1541 1
1542 0
1543 2
1544 3
1545 0
1546 3
1547 1
1548 2
1549 0
1550 3
1551 0
1552 1
1553 2
1554 3
1555 0
1556 3
1557 1
1558 2
1559 0
1560 3
1561 0
1562 1
1563 3
1564 2
1565 0
1566 3
1567 0
1568 2
1569 1
1570 3
1571 0
1572 2
1573 3
1574 0
1575 1
1576 3
1577 0
1578 2
1579 3
1580 1
1581 0
1582 3
1583 2
1584 0
1585 1
1586 3
1587 0
1588 2
1589 3
1590 0
1591 1
1592 2
1593 3
1594 0
1595 3
1596 1
1597 0
1598 2
1599 3
1600 0
1601 1
1602 2
1603 3
1604 0
1605 3
1606 0
1607 1
1608 2
1609 3
1610 0
1611 1
1612 3
1613 0
1614 2
1615 3
1616 0
1617 1
1618 2
1619 3
1620 0
1621 1
1622 3
1623 2
1624 0
1625 3
1626 0
1627 2
1628 1
1629 3
1630 0
1631 2
1632 3
1633 0
1634 1
1635 3
1636 0
1637 2
1638 3
1639 1
1640 0
1641 3
1642 2
1643 0
1644 1
1645 3
1646 0
1647 2
1648 3
1649 0
1650 1
1651 2
1652 3
1653 0
1654 3
1655 2
1656 1
1657 0
1658 3
1659 2
1660 0
1661 1
1662 3
1663 0
1664 2
1665 3
1666 0
1667 1
1668 3
1669 2
1670 0
1671 3
1672 1
1673 0
1674 2
1675 3
1676 0
1677 3
1678 2
1679 0
1680 1
1681 3
1682 0
1683 2
1684 3
1685 0
1686 1
1687 3
1688 2
1689 0
1690 3
1691 1
1692 0
1693 2
1694 3
1695 0
1696 1
1697 3
1698 2
1699 0
1700 3
1701 1
1702 0
1703 3
1704 2
1705 0
1706 3
1707 1
1708 0
1709 2
1710 3
1711 0
1712 1
1713 3
1714 0
1715 2
1716 3
1717 1
1718 0
1719 3
1720 2
1721 0
1722 1
1723 3
1724 0
1725 2
1726 3
1727 0
1728 1
1729 3
1730 2
1731 0
1732 3
1733 1
1734 0
1735 2
1736 3
1737 0
1738 3
1739 2
1740 1
1741 0
1742 3
1743 0
1744 2
1745 3
1746 1
1747 0
1748 3
1749 0
1750 2
1751 3
1752 1
1753 0
1754 2
1755 3
1756 0
1757 1
1758 3
1759 0
1760 2
1761 3
1762 0
1763 1
1764 2
1765 3
1766 0
1767 1
1768 3
1769 0
1770 2
1771 3
1772 0
1773 1
1774 2
1775 3
1776 0
1777 1
1778 2
1779 0
1780 3
1781 1
1782 2
1783 0
1784 3
1785 1
1786 0
1787 3
1788 2
1789 0
1790 1
1791 3
1792 2
1793 0
1794 3
1795 1
1796 0
1797 2
1798 3
1799 0
1800 1
1801 3
1802 2
1803 0
1804 3
1805 1
1806 0
1807 2
1808 3
1809 0
1810 1
1811 3
1812 0
1813 2
1814 3
1815 1
1816 0
1817 3
1818 2
1819 0
1820 1
1821 3
1822 0
1823 2
1824 3
1825 0
1826 1
1827 3
1828 2
1829 0
1830 3
1831 1
1832 0
1833 2
1834 3
1835 0
1836 1
1837 3
1838 2
1839 0
1840 3
1841 0
1842 1
1843 2
1844 3
1845 0
1846 2
1847 3
1848 1
1849 0
1850 3
1851 0
1852 2
1853 1
1854 3
1855 0
1856 2
1857 3
1858 0
1859 1
1860 3
1861 2
1862 0
1863 3
1864 1
1865 0
1866 2
1867 3
1868 0
1869 1
1870 3
1871 2
1872 0
1873 3
1874 1
1875 0
1876 2
1877 3
1878 0
1879 1
1880 2
1881 3
1882 0
1883 3
1884 0
1885 1
1886 3
1887 2
1888 0
1889 3
1890 1
1891 0
1892 2
1893 3
1894 0
1895 1
1896 3
1897 2
1898 0
1899 3
1900 1
1901 0
1902 2
1903 3
1904 0
1905 1
1906 3
1907 2
1908 0
1909 3
1910 1
1911 0
1912 2
1913 3
1914 0
1915 3
1916 2
1917 1
1918 0
1919 3
1920 0
1921 2
1922 3
1923 1
1924 0
1925 3
1926 0
1927 2
1928 3
1929 1
1930 0
1931 3
1932 2
1933 0
1934 1
1935 3
1936 0
1937 2
1938 3
1939 0
1940 1
1941 2
1942 3
1943 0
1944 3
1945 2
1946 0
1947 1
1948 3
1949 0
1950 2
1951 3
1952 1
1953 0
1954 3
1955 2
1956 0
1957 3
1958 1
1959 0
1960 2
1961 3
1962 0
1963 1
1964 3
1965 2
1966 0
1967 3
1968 0
1969 1
1970 2
1971 3
1972 0
1973 3
1974 2
1975 1
1976 0
1977 3
1978 2
1979 0
1980 3
1981 1
1982 0
1983 2
1984 3
1985 1
1986 0
1987 3
1988 2
1989 0
1990 3
1991 1
1992 0
1993 2
1994 3
1995 0
1996 1
1997 3
1998 2
1999 0
2000 3
2001 1
2002 0
2003 2
2004 3
2005 0
2006 3
2007 2
2008 1
2009 0
2010 3
2011 2
2012 0
2013 3
2014 1
2015 0
2016 3
2017 2
2018 0
2019 3
2020 1
2021 2
2022 0
2023 3
2024 1
2025 0
2026 3
2027 2
2028 0
2029 3
2030 1
2031 0
2032 2
2033 3
2034 0
2035 3
2036 1
2037 2
2038 0
2039 3
2040 0
2041 1
2042 3
2043 2
2044 0
2045 3
2046 1
2047 0
2048 3
2049 2
2050 0
2051 3
2052 1
2053 0
2054 2
2055 3
2056 0
2057 1
2058 3
2059 2
2060 0
2061 3
2062 0
2063 2
2064 1
2065 3
2066 0
2067 3
2068 2
2069 0
2070 1
2071 3
2072 0
2073 2
2074 3
2075 0
2076 1
2077 3
2078 2
2079 0
2080 3
2081 1
2082 0
2083 2
2084 3
2085 0
2086 3
2087 1
2088 2
2089 0
2090 3
2091 0
2092 2
2093 3
2094 1
2095 0
2096 3
2097 2
2098 0
2099 1
2100 3
2101 0
2102 2
2103 3
2104 0
2105 1
2106 3
2107 0
2108 2
2109 3
2110 1
2111 0
2112 3
2113 2
2114 0
2115 3
2116 1
2117 0
2118 2
2119 3
2120 0
2121 1
2122 3
2123 2
2124 0
2125 3
2126 1
2127 0
2128 2
2129 3
2130 0
2131 3
2132 1
2133 0
2134 2
2135 3
2136 0
2137 1
2138 3
2139 2
2140 0
2141 3
2142 1
2143 0
2144 2
2145 3
2146 0
2147 1
2148 3
2149 2
2150 0
2151 3
2152 1
2153 0
2154 2
2155 3
2156 0
2157 1
2158 3
2159 0
2160 2
2161 3
2162 0
2163 1
2164 3
2165 2
2166 0
2167 3
2168 1
2169 0
2170 3
2171 2
2172 0
2173 1
2174 3
2175 0
2176 2
2177 3
2178 1
2179 0
2180 3
2181 2
2182 0
2183 3
2184 1
2185 0
2186 3
2187 2
2188 0
2189 1
2190 3
2191 0
2192 2
2193 3
2194 1
2195 0
2196 3
2197 2
2198 0
2199 1
2200 3
2201 0
2202 3
2203 2
2204 1
2205 0
2206 3
2207 0
2208 3
2209 1
2210 2
2211 0
2212 3
2213 0
2214 3
2215 1
2216 2
2217 0
2218 3
2219 0
2220 3
2221 2
2222 1
2223 0
2224 3
2225 0
2226 2
2227 3
2228 1
2229 0
2230 3
2231 0
2232 2
2233 1
2234 3
2235 0
2236 3
2237 0
2238 1
2239 2
2240 3
2241 0
2242 3
2243 1
2244 0
2245 2
2246 3
2247 0
2248 1
2249 3
2250 2
2251 0
2252 3
2253 1
2254 0
2255 2
2256 3
2257 0
2258 1
2259 3
2260 2
2261 0
2262 3
2263 1
2264 0
2265 3
2266 2
2267 0
2268 1
2269 3
2270 0
2271 2
2272 3
2273 1
2274 0
2275 3
2276 1
2277 0
2278 2
2279 0
2280 1
2281 2
2282 0
2283 1
2284 0
2285 2
2286 0
2287 1
2288 2
2289 0
2290 1
2291 0
2292 2
2293 0
2294 1
2295 2
2296 0
2297 2
2298 1
2299 0
2300 0
2301 2
2302 1
2303 0
2304 2
2305 0
2306 1
2307 0
2308 2
2309 1
2310 0
2311 2
2312 0
2313 1
2314 0
2315 2
2316 0
2317 1
2318 2
2319 0
2320 1
2321 0
2322 2
2323 0
2324 1
2325 2
2326 0
2327 1
2328 0
2329 2
2330 0
2331 1
2332 2
2333 0
2334 1
2335 2
2336 0
2337 0
2338 1
2339 2
2340 0
2341 0
2342 1
2343 2
2344 0
2345 1
2346 0
2347 2
2348 0
2349 2
2350 1
2351 0
2352 0
2353 2
2354 1
2355 0
2356 0
2357 2
2358 1
2359 0
2360 0
2361 2
2362 1
2363 0
2364 2
2365 0
2366 1
2367 0
2368 2
2369 0
2370 1
2371 2
2372 0
2373 1
2374 0
2375 2
2376 0
2377 1
2378 0
2379 2
2380 0
2381 1
2382 2
2383 0
2384 1
2385 0
2386 2
2387 0
2388 1
2389 0
2390 2
2391 0
2392 1
2393 2
2394 0
2395 0
2396 1
2397 0
2398 2
2399 3
2400 1
2401 0
2402 2
2403 3
2404 0
2405 1
2406 3
2407 2
2408 0
2409 3
2410 1
2411 0
2412 2
2413 3
2414 0
2415 1
2416 3
2417 2
2418 0
2419 3
2420 0
2421 1
2422 2
2423 3
2424 0
2425 1
2426 3
2427 0
2428 2
2429 3
2430 0
2431 1
2432 3
2433 2
2434 0
2435 1
2436 3
2437 0
2438 2
2439 3
2440 0
2441 1
2442 3
2443 0
2444 2
2445 3
2446 1
2447 0
2448 3
2449 2
2450 0
2451 3
2452 1
2453 0
2454 3
2455 2
2456 0
2457 1
2458 3
2459 0
2460 2
2461 3
2462 0
2463 1
2464 3
2465 0
2466 2
2467 3
2468 1
2469 0
2470 3
2471 2
2472 0
2473 3
2474 1
2475 0
2476 3
2477 2
2478 0
2479 1
2480 3
2481 0
2482 3
2483 2
2484 0
2485 1
2486 3
2487 0
2488 2
2489 3
2490 1
2491 0
2492 3
2493 0
2494 2
2495 1
2496 3
2497 0
2498 3
2499 2
2500 0
2501 1
2502 3
2503 0
2504 2
2505 3
2506 0
2507 1
2508 3
2509 0
2510 2
2511 3
2512 1
2513 0
2514 3
2515 2
2516 0
2517 1
2518 3
2519 0
2520 2
2521 3
2522 0
2523 1
2524 3
2525 0
2526 2
2527 3
2528 0
2529 1
2530 3
2531 2
2532 0
2533 3
2534 1
2535 0
2536 2
2537 3
2538 0
2539 1
2540 3
2541 0
2542 2
2543 3
2544 0
2545 1
2546 3
2547 0
2548 2
2549 1
2550 3
2551 0
2552 3
2553 0
2554 2
2555 1
2556 3
2557 0
2558 3
2559 0
2560 1
2561 2
2562 3
2563 0
2564 3
2565 1
2566 0
2567 2
2568 3
2569 0
2570 1
2571 3
2572 0
2573 2
2574 3
2575 1
2576 0
2577 2
2578 3
2579 0
2580 1
2581 3
2582 0
2583 2
2584 3
2585 0
2586 1
2587 3
2588 0
2589 2
2590 3
2591 0
2592 1
2593 3
2594 2
2595 0
2596 3
2597 1
2598 0
2599 3
2600 2
2601 0
2602 1
2603 3
2604 0
2605 2
2606 3
2607 0
2608 1
2609 3
2610 0
2611 2
2612 3
2613 1
2614 0
2615 3
2616 2
2617 0
2618 1
2619 3
2620 0
2621 3
2622 2
2623 0
2624 1
2625 3
2626 0
2627 2
2628 3
2629 1
2630 0
2631 3
2632 0
2633 2
2634 1
2635 3
2636 0
2637 3
2638 2
2639 0
2640 1
2641 3
2642 0
2643 2
2644 3
2645 1
2646 0
2647 3
2648 0
2649 2
2650 3
2651 1
2652 0
2653 3
2654 0
2655 2
2656 1
2657 3
2658 0
2659 3
2660 0
2661 2
2662 1
2663 3
2664 0
2665 3
2666 0
2667 2
2668 1
2669 3
2670 0
2671 3
2672 2
2673 1
2674 0
2675 3
2676 0
2677 1
2678 3
2679 2
2680 0
2681 3
2682 0
2683 1
2684 3
2685 2
2686 0
2687 3
2688 1
2689 0
2690 2
2691 3
2692 0
2693 1
2694 3
2695 0
2696 2
2697 3
2698 0
2699 1
2700 3
2701 0
2702 2
2703 3
2704 1
2705 0
2706 3
2707 2
2708 0
2709 1
2710 3
2711 0
2712 2
2713 3
2714 1
2715 0
2716 3
2717 0
2718 1
2719 2
2720 3
2721 0
2722 1
2723 3
2724 0
2725 2
2726 3
2727 0
2728 1
2729 3
2730 0
2731 2
2732 1
2733 3
2734 0
2735 3
2736 2
2737 1
2738 0
2739 3
2740 0
2741 3
2742 2
2743 1
2744 0
2745 3
2746 0
2747 1
2748 3
2749 2
2750 0
2751 3
2752 0
2753 1
2754 2
2755 3
2756 0
2757 1
2758 3
2759 0
2760 2
2761 3
2762 0
2763 1
2764 3
2765 2
2766 0
2767 3
2768 1
2769 0
2770 3
2771 2
2772 0
2773 1
2774 3
2775 0
2776 2
2777 3
2778 1
2779 0
2780 3
2781 0
2782 2
2783 1
2784 3
2785 0
2786 3
2787 0
2788 2
2789 1
2790 3
2791 0
2792 3
2793 2
2794 0
2795 1
2796 3
2797 0
2798 2
2799 3
2800 0
2801 1
2802 3
2803 2
2804 0
2805 3
2806 1
2807 0
2808 3
2809 2
2810 0
2811 1
2812 3
2813 0
2814 2
2815 3
2816 0
2817 1
2818 3
2819 0
2820 2
2821 3
2822 1
2823 0
2824 3
2825 2
2826 0
2827 3
2828 1
2829 0
2830 3
2831 2
2832 0
2833 1
2834 3
2835 0
2836 3
2837 2
2838 0
2839 1
2840 3
2841 0
2842 3
2843 2
2844 1
2845 0
2846 3
2847 0
2848 1
2849 2
2850 3
2851 0
2852 3
2853 0
2854 1
2855 2
2856 3
2857 0
2858 3
2859 1
2860 2
2861 0
2862 3
2863 0
2864 1
2865 3
2866 2
2867 0
2868 3
2869 0
2870 2
2871 1
2872 3
2873 0
2874 3
2875 2
2876 1
2877 0
2878 3
2879 0
2880 2
2881 3
2882 1
2883 3
2884 2
2885 1
2886 3
2887 2
2888 3
2889 1
2890 3
2891 2
2892 3
2893 1
2894 2
2895 3
2896 1
2897 3
2898 2
2899 3
2900 1
2901 2
2902 3
2903 1
2904 2
2905 3
2906 3
2907 1
2908 2
2909 3
2910 1
2911 3
2912 2
2913 3
2914 2
2915 1
2916 3
2917 2
2918 3
2919 1
2920 3
2921 2
2922 1
2923 3
2924 2
2925 3
2926 1
2927 2
2928 3
2929 3
2930 1
2931 2
2932 3
2933 1
2934 3
2935 2
2936 3
2937 1
2938 2
2939 0
2940 3
2941 2
2942 1
2943 3
2944 0
2945 3
2946 2
2947 1
2948 0
2949 3
2950 2
2951 0
2952 3
2953 1
2954 0
2955 2
2956 3
2957 0
2958 1
2959 3
2960 2
2961 0
2962 3
2963 1
2964 0
2965 2
2966 3
2967 0
2968 1
2969 3
2970 2
2971 0
2972 3
2973 1
2974 0
2975 2
2976 3
2977 0
2978 1
2979 3
2980 0
2981 2
2982 3
2983 0
2984 1
2985 3
2986 2
2987 0
2988 3
2989 1
2990 0
2991 2
2992 3
2993 0
2994 3
2995 2
2996 0
2997 1
2998 3
2999 0
3000 2
3001 3
3002 1
3003 0
3004 3
3005 2
3006 0
3007 1
3008 3
3009 0
3010 2
3011 3
3012 0
3013 1
3014 3
3015 2
3016 0
3017 3
3018 1
3019 0
3020 2
3021 3
3022 0
3023 3
3024 1
3025 2
3026 0
3027 3
3028 0
3029 2
3030 3
3031 1
3032 0
3033 3
3034 2
3035 0
3036 1
3037 3
3038 0
3039 2
3040 3
3041 1
3042 0
3043 3
3044 2
3045 0
3046 1
3047 3
3048 0
3049 2
3050 3
3051 0
3052 1
3053 2
3054 3
3055 0
3056 3
3057 2
3058 1
3059 0
3060 3
3061 2
3062 0
3063 3
3064 1
3065 0
3066 3
3067 2
3068 1
3069 0
3070 3
3071 2
3072 0
3073 3
3074 1
3075 2
3076 3
3077 0
3078 1
3079 3
3080 2
3081 0
3082 3
3083 1
3084 0
3085 2
3086 3
3087 0
3088 1
3089 3
3090 2
3091 0
3092 3
3093 1
3094 0
3095 2
3096 3
3097 0
3098 1
3099 3
3100 2
3101 0
3102 3
3103 0
3104 1
3105 2
3106 3
3107 0
3108 1
3109 3
3110 0
3111 2
3112 3
3113 0
3114 1
3115 2
3116 3
3117 0
3118 1
3119 3
3120 2
3121 0
3122 3
3123 1
3124 2
3125 0
3126 3
3127 0
3128 3
3129 1
3130 2
3131 0
3132 3
3133 0
3134 3
3135 1
3136 2
3137 0
3138 3
3139 0
3140 2
3141 1
3142 3
3143 0
3144 3
3145 1
3146 2
3147 0
3148 3
3149 0
3150 1
3151 3
3152 2
3153 0
3154 3
3155 0
3156 1
3157 3
3158 2
3159 0
3160 3
3161 1
3162 0
3163 2
3164 3
3165 0
3166 1
3167 3
3168 2
3169 0
3170 3
3171 0
3172 1
3173 2
3174 3
3175 0
3176 3
3177 1
3178 0
3179 2
3180 3
3181 0
3182 1
3183 3
3184 0
3185 2
3186 3
3187 1
3188 0
3189 3
3190 0
3191 2
3192 1
3193 3
3194 0
3195 3
3196 1
3197 0
3198 2
3199 3
3200 0
3201 1
3202 3
3203 2
3204 0
3205 3
3206 1
3207 0
3208 2
3209 3
3210 0
3211 1
3212 3
3213 2
3214 0
3215 3
3216 1
3217 0
3218 2
3219 3
3220 0
3221 1
3222 3
3223 2
3224 0
3225 3
3226 0
3227 1
3228 2
3229 3
3230 0
3231 3
3232 0
3233 2
3234 1
3235 3
3236 0
3237 2
3238 3
3239 0
3240 1
3241 3
3242 0
3243 2
3244 3
3245 1
3246 0
3247 2
3248 3
3249 0
3250 1
3251 3
3252 2
3253 0
3254 3
3255 0
3256 1
3257 2
3258 3
3259 0
3260 3
3261 1
3262 0
3263 2
3264 3
3265 0
3266 1
3267 2
3268 3
3269 0
3270 3
3271 2
3272 0
3273 1
3274 3
3275 0
3276 2
3277 3
3278 1
3279 0
3280 3
3281 2
3282 0
3283 3
3284 1
3285 0
3286 2
3287 3
3288 0
3289 1
3290 3
3291 2
3292 0
3293 3
3294 1
3295 0
3296 3
3297 2
3298 0
3299 1
3300 3
3301 0
3302 2
3303 3
3304 1
3305 0
3306 3
3307 2
3308 0
3309 1
3310 3
3311 0
3312 2
3313 3
3314 0
3315 1
3316 3
3317 2
3318 0
3319 3
3320 1
3321 0
3322 2
3323 3
3324 0
3325 1
3326 3
3327 2
3328 0
3329 3
3330 1
3331 0
3332 2
3333 3
3334 0
3335 3
3336 2
3337 1
3338 0
3339 3
3340 0
3341 2
3342 1
3343 3
3344 0
3345 3
3346 2
3347 0
3348 1
3349 3
3350 0
3351 2
3352 3
3353 1
3354 0
3355 3
3356 2
3357 0
3358 3
3359 1
3360 0
3361 2
3362 3
3363 0
3364 1
3365 3
3366 2
3367 0
3368 3
3369 1
3370 0
3371 2
3372 3
3373 0
3374 1
3375 3
3376 2
3377 0
3378 3
3379 1
3380 0
3381 2
3382 3
3383 0
3384 1
3385 3
3386 2
3387 0
3388 3
3389 1
3390 0
3391 2
3392 3
3393 0
3394 3
3395 1
3396 0
3397 2
3398 3
3399 0
3400 1
3401 3
3402 2
3403 0
3404 3
3405 1
3406 0
3407 2
3408 3
3409 0
3410 1
3411 3
3412 2
3413 0
3414 3
3415 1
3416 0
3417 2
3418 3
3419 0
3420 1
3421 3
3422 2
3423 0
3424 3
3425 1
3426 0
3427 2
3428 3
3429 0
3430 1
3431 3
3432 2
3433 0
3434 3
3435 1
3436 0
3437 3
3438 2
3439 0
3440 3
3441 1
3442 0
3443 2
3444 3
3445 0
3446 1
3447 3
3448 2
3449 0
3450 3
3451 1
3452 0
3453 3
3454 2
3455 0
3456 1
3457 3
3458 0
3459 2
3460 3
3461 1
3462 0
3463 3
3464 2
3465 0
3466 3
3467 1
3468 0
3469 2
3470 3
3471 0
3472 1
3473 3
3474 2
3475 0
3476 3
3477 1
3478 0
3479 2
3480 3
3481 0
3482 3
3483 1
3484 2
3485 0
3486 3
3487 0
3488 2
3489 1
3490 3
3491 0
3492 3
3493 0
3494 2
3495 1
3496 3
3497 0
3498 2
3499 3
3500 0
3501 1
3502 3
3503 2
3504 0
3505 3
3506 1
3507 0
3508 3
3509 2
3510 0
3511 1
3512 3
3513 0
3514 3
3515 2
3516 0
3517 1
3518 3
3519 0
3520 3
3521 0
3522 2
3523 1
3524 3
3525 0
3526 3
3527 2
3528 1
3529 0
3530 3
3531 0
3532 3
3533 1
3534 2
3535 0
3536 3
3537 0
3538 3
3539 1
3540 2
3541 0
3542 3
3543 0
3544 1
3545 3
3546 2
3547 0
3548 3
3549 0
3550 1
3551 2
3552 3
3553 0
3554 3
3555 1
3556 0
3557 2
3558 3
3559 0
3560 1
3561 3
3562 0
3563 2
3564 3
3565 0
3566 1
3567 3
3568 2
3569 0
3570 3
3571 1
3572 0
3573 3
3574 2
3575 0
3576 3
3577 1
3578 0
3579 2
3580 3
3581 0
3582 1
3583 3
3584 2
3585 0
3586 3
3587 0
3588 1
3589 2
3590 3
3591 0
3592 3
3593 0
3594 2
3595 1
3596 3
3597 0
3598 2
3599 3
3600 1
3601 0
3602 3
3603 2
3604 0
3605 3
3606 1
3607 0
3608 2
3609 3
3610 1
3611 0
3612 3
3613 2
3614 0
3615 3
3616 1
3617 0
3618 3
3619 2
3620 0
3621 1
3622 3
3623 0
3624 2
3625 3
3626 0
3627 1
3628 3
3629 0
3630 2
3631 3
3632 1
3633 0
3634 3
3635 2
3636 0
3637 1
3638 3
3639 0
3640 2
3641 3
3642 0
3643 1
3644 3
3645 2
3646 0
3647 1
3648 3
3649 0
3650 3
3651 2
3652 1
3653 0
3654 3
3655 0
3656 2
3657 3
3658 1
3659 0
3660 3
3661 2
3662 0
3663 3
3664 1
3665 0
3666 3
3667 2
3668 0
3669 1
3670 3
3671 0
3672 2
3673 3
3674 1
3675 0
3676 3
3677 0
3678 2
3679 1
3680 3
3681 0
3682 3
3683 2
3684 1
3685 0
3686 3
3687 0
3688 2
3689 3
3690 1
3691 0
3692 3
3693 0
3694 2
3695 1
3696 3
3697 0
3698 3
3699 2
3700 0
3701 1
3702 3
3703 0
3704 2
3705 3
3706 1
3707 0
3708 3
3709 0
3710 2
3711 3
3712 1
3713 0
3714 3
3715 0
3716 2
3717 3
3718 0
3719 3
3720 0
3721 2
3722 3
3723 0
3724 3
3725 2
3726 0
3727 3
3728 0
3729 3
3730 2
3731 0
3732 3
3733 0
3734 3
3735 2
3736 0
3737 3
3738 0
3739 3
3740 2
3741 0
3742 3
3743 0
3744 3
3745 2
3746 0
3747 3
3748 0
3749 3
3750 2
3751 0
3752 3
3753 0
3754 3
3755 2
3756 0
3757 3
3758 0
3759 2
3760 3
3761 0
3762 3
3763 0
3764 2
3765 3
3766 0
3767 3
3768 2
3769 0
3770 3
3771 0
3772 3
3773 2
3774 0
3775 3
3776 0
3777 3
3778 2
3779 0
3780 3
3781 0
3782 3
3783 2
3784 0
3785 3
3786 0
3787 2
3788 3
3789 0
3790 3
3791 0
3792 2
3793 3
3794 0
3795 3
3796 0
3797 2
3798 3
3799 0
3800 3
3801 0
3802 2
3803 3
3804 0
3805 3
3806 0
3807 2
3808 3
3809 0
3810 3
3811 2
3812 0
3813 3
3814 0
3815 3
3816 2
3817 0
3818 3
3819 0
3820 3
3821 2
3822 0
3823 3
3824 0
3825 3
3826 2
3827 0
3828 3
3829 0
3830 2
3831 3
3832 0
3833 3
3834 0
3835 3
3836 2
3837 0
3838 3
3839 0
3840 2
3841 3
3842 0
3843 3
3844 0
3845 2
3846 3
3847 0
3848 3
3849 2
3850 0
3851 3
3852 0
3853 3
3854 0
3855 3
3856 0
3857 3
3858 0
3859 3
3860 0
3861 3
3862 0
3863 3
3864 0
3865 3
3866 0
3867 3
3868 0
3869 3
3870 0
3871 3
3872 0
3873 3
3874 0
3875 3
3876 0
3877 3
3878 0
3879 3
3880 1
3881 0
3882 3
3883 0
3884 3
3885 1
3886 0
3887 3
3888 0
3889 1
3890 3
3891 0
3892 3
3893 0
3894 1
3895 3
3896 0
3897 3
3898 1
3899 0
3900 3
3901 0
3902 1
3903 3
3904 0
3905 3
3906 1
3907 0
3908 3
3909 0
3910 3
3911 1
3912 0
3913 3
3914 0
3915 3
3916 1
3917 0
3918 3
3919 0
3920 1
3921 3
3922 0
3923 3
3924 0
3925 1
3926 3
3927 0
3928 3
3929 1
3930 0
3931 3
3932 0
3933 3
3934 1
3935 0
3936 3
3937 0
3938 1
3939 3
3940 0
3941 3
3942 1
3943 0
3944 3
3945 0
3946 3
3947 1
3948 0
3949 3
3950 0
3951 1
3952 3
3953 0
3954 3
3955 0
3956 1
3957 3
3958 0
3959 3
3960 1
3961 0
3962 3
3963 0
3964 3
3965 1
3966 0
3967 3
3968 0
3969 1
3970 3
3971 0
3972 3
3973 0
3974 1
3975 3
3976 0
3977 3
3978 0
3979 1
3980 3
3981 0
3982 3
3983 1
3984 0
3985 3
3986 0
3987 3
3988 1
3989 0
3990 3
3991 0
3992 1
3993 3
3994 0
3995 3
3996 1
3997 0
3998 3
3999 0
4000 3
4001 1
4002 0
4003 3
4004 0
4005 1
4006 3
4007 0
4008 3
4009 1
4010 0
4011 3
4012 0
4013 1
4014 3
4015 0
4016 3
4017 1
4018 0
4019 3
4020 0
4021 3
4022 1
4023 0
4024 3
4025 0
4026 3
4027 1
4028 0
4029 3
4030 0
4031 1
4032 3
4033 0
4034 3
4035 1
4036 0
4037 3
4038 0
4039 3
4040 1
4041 0
4042 3
4043 0
4044 1
4045 3
4046 0
4047 3
4048 0
4049 1
4050 3
4051 0
4052 2
4053 3
4054 0
4055 1
4056 3
4057 0
4058 2
4059 3
4060 1
4061 0
4062 3
4063 2
4064 0
4065 3
4066 1
4067 0
4068 2
4069 3
4070 0
4071 1
4072 3
4073 0
4074 2
4075 3
4076 1
4077 0
4078 3
4079 2
4080 0
4081 1
4082 3
4083 0
4084 2
4085 3
4086 0
4087 1
4088 3
4089 2
4090 0
4091 3
4092 1
4093 0
4094 2
4095 3
4096 0
4097 1
4098 3
4099 0
4100 2
4101 3
4102 1
4103 0
4104 3
4105 2
4106 0
4107 1
4108 3
4109 0
4110 2
4111 3
4112 0
4113 1
4114 3
4115 0
4116 2
4117 3
4118 1
4119 0
4120 3
4121 2
4122 0
4123 1
4124 3
4125 0
4126 2
4127 3
4128 0
4129 1
4130 3
4131 2
4132 0
4133 3
4134 1
4135 0
4136 2
4137 3
4138 0
4139 3
4140 1
4141 2
4142 0
4143 3
4144 0
4145 1
4146 2
4147 3
4148 0
4149 3
4150 2
4151 1
4152 0
4153 3
4154 0
4155 2
4156 1
4157 3
4158 0
4159 2
4160 0
4161 1
4162 0
4163 2
4164 0
4165 1
4166 2
4167 0
4168 1
4169 0
4170 2
4171 0
4172 1
4173 0
4174 2
4175 0
4176 1
4177 2
4178 0
4179 1
4180 0
4181 2
4182 0
4183 1
4184 0
4185 2
4186 0
4187 1
4188 2
4189 0
4190 1
4191 0
4192 2
4193 0
4194 1
4195 0
4196 2
4197 1
4198 0
4199 2
4200 0
4201 1
4202 0
4203 2
4204 0
4205 1
4206 2
4207 0
4208 1
4209 0
4210 2
4211 3
4212 0
4213 1
4214 2
4215 3
4216 0
4217 1
4218 3
4219 0
4220 2
4221 3
4222 0
4223 2
4224 1
4225 3
4226 0
4227 3
4228 0
4229 2
4230 1
4231 3
4232 0
4233 2
4234 3
4235 0
4236 1
4237 3
4238 2
4239 0
4240 3
4241 1
4242 0
4243 2
4244 3
4245 0
4246 1
4247 3
4248 2
4249 0
4250 3
4251 1
4252 0
4253 2
4254 3
4255 0
4256 3
4257 1
4258 0
4259 2
4260 3
4261 0
4262 1
4263 3
4264 2
4265 0
4266 3
4267 1
4268 0
4269 2
4270 3
4271 0
4272 3
4273 1
4274 2
4275 0
4276 3
4277 0
4278 1
4279 3
4280 2
4281 0
4282 3
4283 1
4284 0
4285 2
4286 3
4287 0
4288 1
4289 3
4290 2
4291 0
4292 3
4293 1
4294 0
4295 2
4296 3
4297 0
4298 1
4299 3
4300 2
4301 0
4302 3
4303 1
4304 0
4305 2
4306 3
4307 0
4308 1
4309 3
4310 2
4311 0
4312 3
4313 1
4314 0
4315 2
4316 3
4317 0
4318 1
4319 3
4320 0
4321 2
4322 3
4323 0
4324 1
4325 2
4326 3
4327 0
4328 3
4329 1
4330 2
4331 0
4332 3
4333 0
4334 2
4335 3
4336 1
4337 0
4338 3
4339 2
4340 0
4341 1
4342 3
4343 2
4344 0
4345 3
4346 1
4347 3
4348 0
4349 2
4350 1
4351 3
4352 0
4353 2
4354 3
4355 0
4356 1
4357 3
4358 0
4359 2
4360 1
4361 3
4362 0
4363 3
4364 2
4365 0
4366 1
4367 3
4368 0
4369 2
4370 3
4371 1
4372 0
4373 2
4374 3
4375 0
4376 2
4377 1
4378 0
4379 3
4380 2
4381 0
4382 1
4383 3
4384 0
4385 2
4386 3
4387 0
4388 1
4389 3
4390 0
4391 2
4392 3
4393 1
4394 0
4395 3
4396 2
4397 0
4398 3
4399 1
4400 0
4401 3
4402 2
4403 0
4404 1
4405 3
4406 0
4407 2
4408 3
4409 0
4410 1
4411 3
4412 2
4413 0
4414 3
4415 1
4416 0
4417 3
4418 2
4419 0
4420 3
4421 1
4422 0
4423 2
4424 3
4425 0
4426 1
4427 3
4428 2
4429 0
4430 3
4431 1
4432 0
4433 2
4434 3
4435 0
4436 1
4437 3
4438 0
4439 2
4440 3
4441 0
4442 1
4443 2
4444 3
4445 0
4446 3
4447 2
4448 1
4449 0
4450 3
4451 0
4452 2
4453 3
4454 1
4455 0
4456 3
4457 2
4458 0
4459 3
4460 1
4461 0
4462 2
4463 3
4464 0
4465 1
4466 2
4467 3
4468 0
4469 3
4470 0
4471 2
4472 1
4473 3
4474 0
4475 2
4476 3
4477 0
4478 1
4479 3
4480 2
4481 0
4482 3
4483 1
4484 0
4485 2
4486 3
4487 0
4488 2
4489 1
4490 3
4491 0
4492 2
4493 3
4494 1
4495 0
4496 3
4497 2
4498 0
4499 1
4500 3
4501 0
4502 2
4503 3
4504 0
4505 1
4506 3
4507 0
4508 2
4509 1
4510 3
4511 0
4512 2
4513 3
4514 0
4515 1
4516 3
4517 0
4518 2
4519 3
4520 1
4521 0
4522 2
4523 3
4524 0
4525 1
4526 3
4527 2
4528 0
4529 3
4530 1
4531 0
4532 2
4533 3
4534 0
4535 3
4536 1
4537 0
4538 2
4539 3
4540 0
4541 1
4542 3
4543 2
4544 0
4545 3
4546 1
4547 0
4548 2
4549 3
4550 0
4551 1
4552 3
4553 0
4554 2
4555 3
4556 0
4557 1
4558 2
4559 3
4560 0
4561 3
4562 1
4563 2
4564 0
4565 3
4566 0
4567 2
4568 3
4569 1
4570 0
4571 3
4572 0
4573 2
4574 3
4575 1
4576 0
4577 3
4578 2
4579 0
4580 1
4581 3
4582 0
4583 2
4584 3
4585 1
4586 0
4587 3
4588 2
4589 0
4590 1
4591 3
4592 0
4593 2
4594 1
4595 3
4596 0
4597 2
4598 3
4599 0
4600 1
4601 3
4602 2
4603 0
4604 3
4605 1
4606 0
4607 2
4608 3
4609 0
4610 1
4611 3
4612 2
4613 0
4614 3
4615 0
4616 2
4617 1
4618 3
4619 0
4620 3
4621 2
4622 0
4623 1
4624 3
4625 0
4626 2
4627 3
4628 1
4629 0
4630 3
4631 2
4632 0
4633 3
4634 1
4635 0
4636 2
4637 3
4638 0
4639 1
4640 3
4641 2
4642 0
4643 3
4644 2
4645 0
4646 1
4647 3
4648 2
4649 0
4650 3
4651 1
4652 0
4653 3
4654 2
4655 0
4656 1
4657 3
4658 2
4659 0
4660 3
4661 1
4662 0
4663 2
4664 3
4665 0
4666 1
4667 3
4668 2
4669 0
4670 3
4671 0
4672 2
4673 1
4674 3
4675 0
4676 3
4677 2
4678 0
4679 1
4680 3
4681 0
4682 2
4683 3
4684 0
4685 1
4686 3
4687 2
4688 0
4689 3
4690 1
4691 0
4692 3
4693 2
4694 0
4695 3
4696 1
4697 0
4698 2
4699 3
4700 0
4701 1
4702 3
4703 2
4704 0
4705 3
4706 1
4707 0
4708 2
4709 3
4710 0
4711 1
4712 3
4713 2
4714 0
4715 3
4716 1
4717 0
4718 2
4719 3
4720 3
4721 1
4722 2
4723 3
4724 3
4725 2
4726 1
4727 3
4728 2
4729 3
4730 1
4731 3
4732 2
4733 3
4734 1
4735 2
4736 3
4737 1
4738 3
4739 2
4740 3
4741 1
4742 2
4743 3
4744 2
4745 3
4746 1
4747 3
4748 2
4749 1
4750 3
4751 2
4752 3
4753 1
4754 3
4755 2
4756 3
4757 1
4758 2
4759 3
4760 3
4761 1
4762 2
4763 3
4764 1
4765 2
4766 3
4767 0
4768 3
4769 1
4770 2
4771 0
4772 3
4773 2
4774 0
4775 1
4776 3
4777 0
4778 2
4779 3
4780 1
4781 0
4782 3
4783 2
4784 0
4785 3
4786 1
4787 2
4788 0
4789 3
4790 0
4791 2
4792 3
4793 1
4794 0
4795 3
4796 2
4797 0
4798 1
4799 3
4800 2
4801 0
4802 3
4803 1
4804 0
4805 2
4806 3
4807 0
4808 3
4809 2
4810 1
4811 0
4812 3
4813 0
4814 2
4815 3
4816 1
4817 0
4818 3
4819 2
4820 0
4821 3
4822 1
4823 0
4824 2
4825 3
4826 0
4827 1
4828 3
4829 2
4830 0
4831 3
4832 1
4833 0
4834 2
4835 3
4836 0
4837 3
4838 2
4839 1
4840 0
4841 3
4842 2
4843 0
4844 3
4845 1
4846 0
4847 2
4848 3
4849 0
4850 1
4851 3
4852 2
4853 0
4854 3
4855 1
4856 2
4857 0
4858 3
4859 0
4860 2
4861 3
4862 1
4863 0
4864 3
4865 2
4866 0
4867 3
4868 1
4869 0
4870 2
4871 3
4872 0
4873 1
4874 3
4875 2
4876 0
4877 3
4878 0
4879 2
4880 1
4881 3
4882 0
4883 2
4884 3
4885 0
4886 1
4887 3
4888 0
4889 2
4890 3
4891 1
4892 0
4893 2
4894 3
4895 0
4896 1
4897 3
4898 2
4899 0
4900 3
4901 0
4902 2
4903 1
4904 3
4905 0
4906 2
4907 3
4908 0
4909 1
4910 3
4911 2
4912 0
4913 3
4914 1
4915 0
4916 2
4917 3
4918 0
4919 2
4920 1
4921 0
4922 3
4923 2
4924 0
4925 3
4926 1
4927 0
4928 2
4929 3
4930 0
4931 3
4932 1
4933 2
4934 0
4935 3
4936 0
4937 2
4938 3
4939 1
4940 0
4941 3
4942 2
4943 0
4944 1
4945 3
4946 2
4947 0
4948 3
4949 1
4950 0
4951 2
4952 3
4953 0
4954 3
4955 1
4956 2
4957 0
4958 3
4959 0
4960 2
4961 3
4962 1
4963 0
4964 3
4965 2
4966 0
4967 1
4968 3
4969 2
4970 0
4971 3
4972 1
4973 0
4974 2
4975 3
4976 0
4977 3
4978 2
4979 1
4980 0
4981 3
4982 2
4983 0
4984 3
4985 1
4986 0
4987 2
4988 3
4989 0
4990 1
4991 3
4992 2
4993 0
4994 3
4995 1
4996 0
4997 2
4998 3
4999 0
5000 1
5001 3
5002 2
5003 0
5004 3
5005 0
5006 2
5007 1
5008 3
5009 0
5010 2
5011 3
5012 0
5013 1
5014 3
5015 0
5016 2
5017 3
5018 1
5019 0
5020 2
5021 3
5022 0
5023 1
5024 2
5025 3
5026 0
5027 3
5028 1
5029 2
5030 0
5031 3
5032 0
5033 3
5034 2
5035 1
5036 0
5037 3
5038 0
5039 2
5040 3
5041 1
5042 0
5043 3
5044 2
5045 0
5046 3
5047 1
5048 0
5049 3
5050 2
5051 0
5052 1
5053 3
5054 0
5055 2
5056 3
5057 0
5058 1
5059 3
5060 2
5061 0
5062 3
5063 1
5064 0
5065 2
5066 3
5067 0
5068 3
5069 2
5070 0
5071 1
5072 3
5073 0
5074 3
5075 1
5076 2
5077 0
5078 3
5079 0
5080 1
5081 3
5082 2
5083 0
5084 3
5085 1
5086 0
5087 2
5088 3
5089 0
5090 1
5091 3
5092 2
5093 0
5094 3
5095 1
5096 0
5097 2
5098 3
5099 0
5100 1
5101 3
5102 0
5103 2
5104 3
5105 0
5106 1
5107 3
5108 0
5109 2
5110 3
5111 0
5112 1
5113 3
5114 0
5115 2
5116 3
5117 1
5118 0
5119 2
5120 3
5121 0
5122 1
5123 3
5124 2
5125 0
5126 3
5127 0
5128 1
5129 2
5130 3
5131 0
5132 3
5133 0
5134 1
5135 2
5136 3
5137 0
5138 3
5139 2
5140 0
5141 1
5142 3
5143 0
5144 2
5145 3
5146 0
5147 1
5148 3
5149 2
5150 0
5151 3
5152 1
5153 0
5154 2
5155 3
5156 0
5157 1
5158 3
5159 0
5160 2
5161 3
5162 0
5163 1
5164 3
5165 2
5166 0
5167 3
5168 1
5169 0
5170 2
5171 3
5172 0
5173 1
5174 2
5175 3
5176 0
5177 3
5178 2
5179 0
5180 1
5181 3
5182 0
5183 2
5184 3
5185 0
5186 1
5187 3
5188 0
5189 2
5190 3
5191 0
5192 1
5193 3
5194 2
5195 0
5196 3
5197 1
5198 0
5199 2
5200 3
5201 0
5202 1
5203 3
5204 2
5205 0
5206 3
5207 0
5208 1
5209 2
5210 3
5211 0
5212 3
5213 1
5214 0
5215 2
5216 3
5217 0
5218 1
5219 3
5220 2
5221 0
5222 3
5223 0
5224 1
5225 2
5226 3
5227 0
5228 3
5229 0
5230 1
5231 2
5232 3
5233 0
5234 3
5235 1
5236 0
5237 2
5238 3
5239 0
5240 1
5241 3
5242 0
5243 2
5244 3
5245 0
5246 1
5247 3
5248 2
5249 0
5250 3
5251 0
5252 1
5253 2
5254 3
5255 0
5256 2
5257 1
5258 0
5259 3
5260 0
5261 3
5262 1
5263 2
5264 0
5265 3
5266 0
5267 3
5268 1
5269 2
5270 0
5271 3
5272 0
5273 2
5274 3
5275 1
5276 0
5277 3
5278 0
5279 2
5280 1
5281 3
5282 0
5283 3
5284 0
5285 2
5286 1
5287 3
5288 0
5289 3
5290 0
5291 1
5292 2
5293 3
5294 0
5295 3
5296 2
5297 0
5298 1
5299 3
5300 0
5301 3
5302 2
5303 1
5304 0
5305 3
5306 0
5307 3
5308 2
5309 1
5310 0
5311 3
5312 2
5313 0
5314 3
5315 1
5316 0
5317 2
5318 3
5319 0
5320 3
5321 1
5322 2
5323 0
5324 3
5325 0
5326 1
5327 3
5328 2
5329 0
5330 3
5331 1
5332 0
5333 3
5334 2
5335 0
5336 3
5337 1
5338 0
5339 2
5340 3
5341 0
5342 1
5343 3
5344 2
5345 0
5346 3
5347 0
5348 1
5349 2
5350 3
5351 0
5352 3
5353 1
5354 0
5355 2
5356 3
5357 0
5358 1
5359 3
5360 0
5361 2
5362 3
5363 0
5364 1
5365 2
5366 3
5367 0
5368 3
5369 0
5370 2
5371 1
5372 3
5373 0
5374 2
5375 3
5376 0
5377 1
5378 3
5379 2
5380 0
5381 3
5382 1
5383 0
5384 2
5385 3
5386 0
5387 1
5388 3
5389 0
5390 2
5391 3
5392 0
5393 1
5394 3
5395 0
5396 2
5397 3
5398 0
5399 1
5400 3
5401 2
5402 0
5403 3
5404 0
5405 1
5406 2
5407 3
5408 0
5409 3
5410 0
5411 1
5412 2
5413 3
5414 0
5415 3
5416 0
5417 2
5418 1
5419 3
5420 0
5421 3
5422 2
5423 0
5424 1
5425 3
5426 0
5427 2
5428 3
5429 1
5430 0
5431 3
5432 2
5433 0
5434 1
5435 3
5436 0
5437 2
5438 3
5439 0
5440 1
5441 3
5442 0
5443 2
5444 3
5445 1
5446 0
5447 3
5448 2
5449 0
5450 1
5451 3
5452 0
5453 2
5454 3
5455 0
5456 1
5457 2
5458 3
5459 0
5460 3
5461 0
5462 1
5463 2
5464 3
5465 0
5466 3
5467 2
5468 0
5469 1
5470 3
5471 0
5472 3
5473 2
5474 0
5475 1
5476 3
5477 0
5478 3
5479 2
5480 0
5481 1
5482 3
5483 0
5484 2
5485 3
5486 0
5487 1
5488 3
5489 2
5490 0
5491 3
5492 1
5493 0
5494 3
5495 2
5496 0
5497 3
5498 1
5499 0
5500 3
5501 2
5502 0
5503 1
5504 3
5505 0
5506 2
5507 3
5508 0
5509 1
5510 3
5511 2
5512 0
5513 3
5514 1
5515 0
5516 3
5517 2
5518 0
5519 3
5520 1
5521 0
5522 3
5523 2
5524 0
5525 1
5526 3
5527 0
5528 2
5529 3
5530 0
5531 1
5532 3
5533 0
5534 2
5535 3
5536 0
5537 1
5538 3
5539 2
5540 0
5541 3
5542 0
5543 1
5544 3
5545 0
5546 2
5547 3
5548 1
5549 0
5550 3
5551 2
5552 0
5553 1
5554 3
5555 0
5556 2
5557 3
5558 0
5559 1
5560 3
5561 2
5562 0
5563 3
5564 0
5565 1
5566 3
5567 2
5568 0
5569 3
5570 1
5571 0
5572 2
5573 3
5574 0
5575 1
5576 3
5577 0
5578 2
5579 3
5580 1
5581 0
5582 3
5583 2
5584 0
5585 1
5586 3
5587 0
5588 2
5589 3
5590 0
5591 1
5592 3
5593 0
5594 2
5595 2
5596 2
5597 1
5598 2
5599 1
5600 2
5601 2
5602 1
5603 1
5604 2
5605 3
5606 1
5607 2
5608 3
5609 1
5610 2
5611 3
5612 0
5613 1
5614 3
5615 2
5616 0
5617 1
5618 2
5619 3
5620 0
5621 1
5622 2
5623 3
5624 0
5625 1
5626 2
5627 3
5628 0
5629 2
5630 1
5631 3
5632 0
5633 2
5634 1
5635 3
5636 0
5637 2
5638 1
5639 3
5640 0
5641 2
5642 1
5643 3
5644 0
5645 2
5646 1
5647 3
5648 2
5649 0
5650 1
5651 2
5652 0
5653 3
5654 2
5655 1
5656 0
5657 3
5658 2
5659 1
5660 0
5661 3
5662 0
5663 1
5664 2
5665 3
5666 0
5667 1
5668 2
5669 3
5670 0
5671 2
5672 1
5673 3
5674 0
5675 2
5676 3
5677 1
5678 0
5679 2
5680 3
5681 1
5682 0
5683 2
5684 3
5685 1
5686 0
5687 2
5688 3
5689 1
5690 0
5691 3
5692 2
5693 0
5694 1
5695 2
5696 3
5697 1
5698 2
5699 0
5700 3
5701 0
5702 2
5703 3
5704 1
5705 0
5706 3
5707 2
5708 0
5709 1
5710 3
5711 0
5712 2
5713 3
5714 0
5715 1
5716 3
5717 0
5718 2
5719 3
5720 0
5721 1
5722 3
5723 0
5724 2
5725 1
5726 3
5727 0
5728 2
5729 3
5730 0
5731 1
5732 3
5733 0
5734 2
5735 3
5736 0
5737 1
5738 3
5739 2
5740 0
5741 3
5742 0
5743 1
5744 3
5745 2
5746 0
5747 3
5748 1
5749 0
5750 2
5751 3
5752 0
5753 1
5754 2
5755 3
5756 0
5757 3
5758 1
5759 0
5760 2
5761 3
5762 0
5763 3
5764 1
5765 2
5766 0
5767 3
5768 0
5769 3
5770 1
5771 2
5772 0
5773 3
5774 0
5775 3
5776 1
5777 2
5778 0
5779 3
5780 2
5781 0
5782 3
5783 1
5784 0
5785 3
5786 2
5787 0
5788 1
5789 3
5790 0
5791 2
5792 3
5793 0
5794 1
5795 3
5796 0
5797 2
5798 3
5799 1
5800 0
5801 3
5802 2
5803 0
5804 3
5805 1
5806 0
5807 2
5808 3
5809 0
5810 1
5811 3
5812 0
5813 2
5814 3
5815 1
5816 0
5817 3
5818 2
5819 0
5820 3
5821 1
5822 0
5823 3
5824 2
5825 0
5826 3
5827 1
5828 2
5829 0
5830 3
5831 0
5832 1
5833 3
5834 2
5835 0
5836 3
5837 1
5838 0
5839 2
5840 3
5841 0
5842 3
5843 1
5844 2
5845 0
5846 3
5847 0
5848 3
5849 2
5850 1
5851 0
5852 3
5853 0
5854 2
5855 3
5856 1
5857 0
5858 3
5859 2
5860 0
5861 3
5862 1
5863 0
5864 3
5865 2
5866 0
5867 1
5868 3
5869 2
5870 0
5871 3
5872 1
5873 0
5874 2
5875 3
5876 0
5877 3
5878 2
5879 1
5880 0
5881 3
5882 2
5883 0
5884 3
5885 1
5886 0
5887 2
5888 3
5889 0
5890 1
5891 3
5892 2
5893 0
5894 3
5895 1
5896 0
5897 3
5898 2
5899 0
5900 3
5901 1
5902 0
5903 2
5904 3
5905 0
5906 1
5907 3
5908 2
5909 0
5910 3
5911 1
5912 0
5913 3
5914 2
5915 0
5916 1
5917 3
5918 0
5919 2
5920 3
5921 1
5922 0
5923 3
5924 2
5925 0
5926 3
5927 1
5928 0
5929 3
5930 2
5931 0
5932 3
5933 1
5934 2
5935 0
5936 3
5937 0
5938 2
5939 1
5940 3
5941 0
5942 3
5943 1
5944 0
5945 2
5946 3
5947 0
5948 3
5949 2
5950 1
5951 0
5952 3
5953 0
5954 3
5955 2
5956 1
5957 0
5958 3
5959 2
5960 0
5961 1
5962 3
5963 0
5964 2
5965 3
5966 1
5967 0
5968 3
5969 2
5970 0
5971 1
5972 3
5973 0
5974 3
5975 2
5976 0
5977 1
5978 3
5979 0
5980 2
5981 3
5982 1
5983 0
5984 3
5985 2
5986 0
5987 3
5988 1
5989 2
5990 0
5991 3
5992 0
5993 1
5994 3
5995 2
5996 0
5997 3
5998 1
5999 0
6000 2
6001 3
6002 0
6003 1
6004 3
6005 0
6006 2
6007 3
6008 1
6009 0
6010 3
6011 2
6012 0
6013 1
6014 3
6015 0
6016 2
6017 3
6018 0
6019 1
6020 3
6021 0
6022 2
6023 3
6024 1
6025 0
6026 2
6027 3
6028 0
6029 1
6030 3
6031 0
6032 2
6033 3
6034 0
6035 1
6036 3
6037 2
6038 0
6039 3
6040 1
6041 0
6042 2
6043 3
6044 0
6045 1
6046 3
6047 0
6048 2
6049 3
6050 1
6051 0
6052 2
6053 3
6054 0
6055 1
6056 3
6057 0
6058 2
6059 3
6060 0
6061 1
6062 3
6063 0
6064 2
6065 3
6066 0
6067 1
6068 3
6069 0
6070 2
6071 3
6072 1
6073 0
6074 3
6075 2
6076 0
6077 1
6078 3
6079 0
6080 2
6081 3
6082 0
6083 1
6084 3
6085 0
6086 2
6087 3
6088 1
6089 0
6090 3
6091 2
6092 0
6093 1
6094 3
6095 0
6096 2
6097 3
6098 1
6099 0
6100 3
6101 2
6102 0
6103 1
6104 3
6105 0
6106 2
6107 1
6108 0
6109 0
6110 1
6111 2
6112 0
6113 1
6114 0
6115 2
6116 0
6117 1
6118 2
6119 0
6120 2
6121 1
6122 0
6123 0
6124 2
6125 1
6126 0
6127 0
6128 2
6129 1
6130 0
6131 0
6132 2
6133 1
6134 0
6135 2
6136 0
6137 1
6138 0
6139 2
6140 1
6141 0
6142 2
6143 0
6144 1
6145 0
6146 2
6147 1
6148 0
6149 0
6150 2
6151 1
6152 0
6153 2
6154 0
6155 1
6156 0
6157 2
6158 1
6159 0
6160 2
6161 0
6162 1
6163 0
6164 2
6165 0
6166 1
6167 0
6168 2
6169 1
6170 0
6171 2
6172 0
6173 1
6174 2
6175 0
6176 0
6177 1
6178 2
6179 3
6180 0
6181 1
6182 3
6183 0
6184 2
6185 3
6186 0
6187 1
6188 3
6189 0
6190 2
6191 3
6192 1
6193 0
6194 2
6195 3
6196 0
6197 1
6198 3
6199 2
6200 0
6201 3
6202 1
6203 0
6204 3
6205 2
6206 0
6207 1
6208 3
6209 0
6210 2
6211 3
6212 0
6213 1
6214 3
6215 2
6216 0
6217 3
6218 1
6219 0
6220 2
6221 3
6222 0
6223 2
6224 3
6225 1
6226 0
6227 3
6228 0
6229 2
6230 3
6231 1
6232 0
6233 3
6234 0
6235 2
6236 1
6237 3
6238 0
6239 3
6240 0
6241 1
6242 2
6243 3
6244 0
6245 2
6246 3
6247 0
6248 1
6249 3
6250 0
6251 2
6252 3
6253 0
6254 1
6255 3
6256 0
6257 2
6258 3
6259 1
6260 0
6261 2
6262 3
6263 0
6264 1
6265 3
6266 0
6267 2
6268 3
6269 0
6270 1
6271 2
6272 3
6273 0
6274 3
6275 0
6276 1
6277 2
6278 3
6279 0
6280 3
6281 1
6282 0
6283 2
6284 3
6285 0
6286 3
6287 1
6288 2
6289 0
6290 3
6291 0
6292 2
6293 1
6294 3
6295 0
6296 3
6297 0
6298 2
6299 1
6300 3
6301 0
6302 3
6303 0
6304 2
6305 1
6306 3
6307 0
6308 2
6309 3
6310 0
6311 1
6312 3
6313 2
6314 0
6315 3
6316 1
6317 0
6318 2
6319 3
6320 0
6321 1
6322 3
6323 0
6324 2
6325 3
6326 1
6327 0
6328 3
6329 2
6330 0
6331 3
6332 1
6333 0
6334 3
6335 2
6336 0
6337 3
6338 1
6339 2
6340 0
6341 3
6342 0
6343 1
6344 3
6345 2
6346 0
6347 3
6348 1
6349 0
6350 2
6351 3
6352 0
6353 1
6354 3
6355 2
6356 0
6357 3
6358 0
6359 1
6360 2
6361 3
6362 0
6363 3
6364 2
6365 0
6366 1
6367 3
6368 0
6369 2
6370 3
6371 0
6372 1
6373 3
6374 2
6375 0
6376 3
6377 1
6378 0
6379 2
6380 3
6381 0
6382 1
6383 2
6384 3
6385 0
6386 3
6387 2
6388 1
6389 0
6390 3
6391 0
6392 2
6393 3
6394 1
6395 0
6396 3
6397 2
6398 0
6399 3
6400 1
6401 0
6402 2
6403 3
6404 0
6405 1
6406 3
6407 2
6408 0
6409 3
6410 1
6411 2
6412 0
6413 3
6414 0
6415 3
6416 1
6417 2
6418 0
6419 3
6420 0
6421 2
6422 1
6423 3
6424 0
6425 3
6426 2
6427 0
6428 1
6429 3
6430 0
6431 2
6432 3
6433 1
6434 0
6435 3
6436 2
6437 0
6438 3
6439 1
6440 0
6441 2
6442 3
6443 0
6444 1
6445 3
6446 2
6447 0
6448 3
6449 1
6450 0
6451 2
6452 3
6453 0
6454 3
6455 1
6456 0
6457 2
6458 3
6459 0
6460 3
6461 1
6462 2
6463 0
6464 3
6465 2
6466 0
6467 1
6468 3
6469 0
6470 3
6471 1
6472 2
6473 0
6474 3
6475 0
6476 2
6477 3
6478 1
6479 0
6480 3
6481 2
6482 0
6483 3
6484 1
6485 0
6486 2
6487 3
6488 0
6489 1
6490 3
6491 0
6492 2
6493 3
6494 0
6495 1
6496 3
6497 0
6498 2
6499 3
6500 0
6501 1
6502 3
6503 2
6504 0
6505 3
6506 0
6507 1
6508 2
6509 3
6510 0
6511 3
6512 2
6513 0
6514 1
6515 3
6516 0
6517 2
6518 3
6519 1
6520 0
6521 2
6522 3
6523 0
6524 3
6525 0
6526 2
6527 1
6528 3
6529 0
6530 2
6531 3
6532 0
6533 1
6534 3
6535 0
6536 2
6537 3
6538 0
6539 1
6540 3
6541 2
6542 0
6543 3
6544 1
6545 0
6546 2
6547 3
6548 0
6549 1
6550 3
6551 2
6552 0
6553 3
6554 1
6555 0
6556 3
6557 2
6558 0
6559 3
6560 1
6561 0
6562 2
6563 3
6564 0
6565 1
6566 2
6567 3
6568 0
6569 3
6570 0
6571 2
6572 1
6573 3
6574 0
6575 3
6576 1
6577 2
6578 0
6579 3
6580 0
6581 1
6582 3
6583 2
6584 0
6585 3
6586 1
6587 0
6588 2
6589 3
6590 0
6591 1
6592 3
6593 2
6594 0
6595 3
6596 1
6597 0
6598 3
6599 2
6600 0
6601 1
6602 3
6603 0
6604 2
6605 3
6606 0
6607 1
6608 3
6609 0
6610 2
6611 3
6612 1
6613 0
6614 3
6615 2
6616 0
6617 3
6618 1
6619 0
6620 3
6621 2
6622 0
6623 1
6624 3
6625 0
6626 3
6627 2
6628 0
6629 1
6630 3
6631 0
6632 2
6633 3
6634 1
6635 0
6636 3
6637 2
6638 1
6639 3
6640 3
6641 2
6642 1
6643 3
6644 2
6645 3
6646 1
6647 3
6648 2
6649 3
6650 1
6651 3
6652 2
6653 1
6654 3
6655 2
6656 3
6657 1
6658 3
6659 2
6660 3
6661 1
6662 2
6663 3
6664 3
6665 1
6666 2
6667 3
6668 2
6669 1
6670 3
6671 2
6672 3
6673 1
6674 3
6675 2
6676 3
6677 1
6678 2
6679 3
6680 2
6681 3
6682 1
6683 3
6684 2
6685 3
6686 1
6687 2
6688 3
6689 1
6690 3
6691 2
6692 3
6693 2
6694 1
6695 3
6696 3
6697 2
6698 1
6699 3
6700 2
6701 3
6702 1
6703 0
6704 3
6705 2
6706 0
6707 3
6708 1
6709 2
6710 0
6711 3
6712 1
6713 0
6714 3
6715 2
6716 0
6717 3
6718 1
6719 2
6720 0
6721 3
6722 0
6723 3
6724 1
6725 2
6726 0
6727 3
6728 2
6729 0
6730 3
6731 1
6732 0
6733 3
6734 2
6735 0
6736 1
6737 3
6738 2
6739 0
6740 3
6741 1
6742 0
6743 2
6744 3
6745 0
6746 3
6747 1
6748 2
6749 0
6750 3
6751 0
6752 3
6753 2
6754 1
6755 0
6756 3
6757 0
6758 2
6759 3
6760 1
6761 0
6762 3
6763 2
6764 0
6765 3
6766 1
6767 0
6768 2
6769 3
6770 0
6771 1
6772 3
6773 2
6774 0
6775 3
6776 0
6777 2
6778 3
6779 1
6780 0
6781 3
6782 2
6783 0
6784 1
6785 3
6786 0
6787 2
6788 3
6789 0
6790 1
6791 3
6792 2
6793 0
6794 3
6795 1
6796 0
6797 2
6798 3
6799 0
6800 3
6801 2
6802 1
6803 0
6804 3
6805 0
6806 2
6807 3
6808 1
6809 0
6810 3
6811 2
6812 0
6813 3
6814 1
6815 0
6816 2
6817 3
6818 0
6819 1
6820 3
6821 2
6822 0
6823 3
6824 0
6825 1
6826 2
6827 3
6828 0
6829 3
6830 0
6831 1
6832 2
6833 3
6834 0
6835 3
6836 1
6837 0
6838 3
6839 0
6840 1
6841 3
6842 0
6843 3
6844 0
6845 1
6846 3
6847 0
6848 3
6849 0
6850 1
6851 3
6852 0
6853 3
6854 1
6855 0
6856 3
6857 0
6858 3
6859 1
6860 0
6861 3
6862 0
6863 1
6864 3
6865 0
6866 3
6867 0
6868 1
6869 3
6870 0
6871 3
6872 1
6873 0
6874 3
6875 0
6876 3
6877 1
6878 0
6879 3
6880 0
6881 1
6882 3
6883 0
6884 3
6885 0
6886 1
6887 3
6888 0
6889 3
6890 0
6891 1
6892 3
6893 0
6894 3
6895 0
6896 1
6897 3
6898 0
6899 3
6900 1
6901 0
6902 3
6903 0
6904 3
6905 1
6906 0
6907 3
6908 0
6909 3
6910 1
6911 0
6912 3
6913 0
6914 1
6915 3
6916 0
6917 3
6918 0
6919 3
6920 0
6921 3
6922 0
6923 3
6924 0
6925 3
6926 0
6927 3
6928 0
6929 3
6930 0
6931 3
6932 0
6933 3
6934 0
6935 3
6936 0
6937 3
6938 0
6939 3
6940 0
6941 3
6942 0
6943 3
6944 0
6945 3
6946 0
6947 3
6948 0
6949 3
6950 0
6951 3
6952 0
6953 3
6954 0
6955 3
6956 0
6957 3
6958 0
6959 3
6960 0
6961 3
6962 0
6963 3
6964 0
6965 3
6966 0
6967 3
6968 0
6969 3
6970 0
6971 3
6972 0
6973 3
6974 0
6975 3
6976 0
6977 3
6978 0
6979 3
6980 2
6981 0
6982 3
6983 0
6984 3
6985 2
6986 0
6987 3
6988 0
6989 3
6990 2
6991 0
6992 3
6993 0
6994 3
6995 0
6996 2
6997 3
6998 0
6999 3
7000 2
7001 0
7002 3
7003 0
7004 2
7005 3
7006 0
7007 3
7008 0
7009 2
7010 3
7011 0
7012 3
7013 2
7014 0
7015 3
7016 0
7017 2
7018 3
7019 0
7020 3
7021 2
7022 0
7023 3
7024 0
7025 2
7026 3
7027 0
7028 2
7029 3
7030 0
7031 3
7032 0
7033 2
7034 1
7035 3
7036 0
7037 2
7038 3
7039 0
7040 1
7041 3
7042 0
7043 2
7044 3
7045 0
7046 1
7047 2
7048 3
7049 0
7050 1
7051 3
7052 0
7053 2
7054 3
7055 0
7056 1
7057 2
7058 3
7059 0
7060 3
7061 0
7062 1
7063 2
7064 3
7065 0
7066 3
7067 1
7068 2
7069 0
7070 3
7071 0
7072 2
7073 3
7074 1
7075 0
7076 0
7077 2
7078 3
7079 1
7080 0
7081 3
7082 2
7083 0
7084 3
7085 1
7086 0
7087 3
7088 2
7089 0
7090 1
7091 3
7092 2
7093 0
7094 3
7095 1
7096 0
7097 3
7098 2
7099 0
7100 3
7101 1
7102 0
7103 2
7104 3
7105 1
7106 3
7107 2
7108 0
7109 3
7110 0
7111 1
7112 3
7113 2
7114 0
7115 3
7116 0
7117 1
7118 3
7119 2
7120 0
7121 3
7122 1
7123 0
7124 2
7125 3
7126 0
7127 1
7128 3
7129 0
7130 2
7131 3
7132 0
7133 1
7134 3
7135 2
7136 0
7137 3
7138 0
7139 1
7140 2
7141 3
7142 0
7143 3
7144 2
7145 0
7146 1
7147 3
7148 0
7149 2
7150 3
7151 0
7152 1
7153 3
7154 2
7155 0
7156 3
7157 1
7158 0
7159 3
7160 2
7161 0
7162 3
7163 1
7164 0
7165 2
7166 3
7167 0
7168 3
7169 1
7170 0
7171 2
7172 3
7173 0
7174 1
7175 3
7176 0
7177 2
7178 3
7179 0
7180 1
7181 3
7182 2
7183 0
7184 3
7185 1
7186 0
7187 3
7188 2
7189 0
7190 1
7191 3
7192 0
7193 2
7194 3
7195 1
7196 0
7197 3
7198 0
7199 2
7200 3
7201 1
7202 0
7203 2
7204 3
7205 0
7206 1
7207 3
7208 0
7209 2
7210 3
7211 0
7212 1
7213 2
7214 3
7215 0
7216 3
7217 0
7218 2
7219 1
7220 3
7221 0
7222 3
7223 2
7224 0
7225 1
7226 3
7227 0
7228 2
7229 3
7230 1
7231 0
7232 3
7233 2
7234 0
7235 3
7236 1
7237 0
7238 2
7239 3
7240 0
7241 1
7242 3
7243 2
7244 0
7245 3
7246 1
7247 0
7248 2
7249 3
7250 0
7251 3
7252 1
7253 2
7254 0
7255 3
7256 0
7257 3
7258 1
7259 2
7260 0
7261 3
7262 0
7263 2
7264 1
7265 3
7266 0
7267 3
7268 2
7269 1
7270 0
7271 3
7272 0
7273 3
7274 2
7275 1
7276 0
7277 3
7278 0
7279 3
7280 2
7281 1
7282 0
7283 3
7284 0
7285 2
7286 3
7287 1
7288 0
7289 3
7290 2
7291 0
7292 1
7293 3
7294 0
7295 2
7296 3
7297 0
7298 1
7299 3
7300 0
7301 2
7302 3
7303 1
7304 0
7305 3
7306 0
7307 2
7308 1
7309 3
7310 0
7311 3
7312 2
7313 1
7314 0
7315 3
7316 0
7317 3
7318 2
7319 1
7320 0
7321 3
7322 0
7323 3
7324 2
7325 1
7326 0
7327 3
7328 0
7329 2
7330 3
7331 1
7332 0
7333 3
7334 0
7335 2
7336 1
7337 3
7338 0
7339 2
7340 3
7341 0
7342 1
7343 3
7344 0
7345 2
7346 3
7347 0
7348 1
7349 3
7350 0
7351 2
7352 1
7353 3
7354 0
7355 3
7356 2
7357 0
7358 1
7359 3
7360 0
7361 3
7362 2
7363 0
7364 1
7365 3
7366 0
7367 3
7368 2
7369 0
7370 1
7371 3
7372 0
7373 2
7374 3
7375 1
7376 0
7377 3
7378 0
7379 2
7380 1
7381 3
7382 0
7383 3
7384 2
7385 0
7386 1
7387 3
7388 0
7389 2
7390 3
7391 0
7392 1
7393 3
7394 0
7395 2
7396 3
7397 1
7398 0
7399 3
7400 2
7401 0
7402 3
7403 1
7404 0
7405 3
7406 2
7407 0
7408 1
7409 3
7410 0
7411 3
7412 2
7413 0
7414 3
7415 1
7416 0
7417 3
7418 2
7419 0
7420 3
7421 1
7422 0
7423 3
7424 2
7425 0
7426 1
7427 3
7428 0
7429 2
7430 3
7431 0
7432 1
7433 3
7434 0
7435 2
7436 3
7437 1
7438 0
7439 2
7440 3
7441 0
7442 1
7443 3
7444 0
7445 2
7446 3
7447 0
7448 1
7449 2
7450 3
7451 0
7452 3
7453 2
7454 1
7455 0
7456 3
7457 0
7458 2
7459 3
7460 1
7461 0
7462 3
7463 2
7464 0
7465 1
7466 3
7467 0
7468 2
7469 3
7470 0
7471 1
7472 3
7473 2
7474 0
7475 3
7476 1
7477 0
7478 3
7479 2
7480 0
7481 3
7482 1
7483 0
7484 2
7485 3
7486 0
7487 1
7488 3
7489 2
7490 0
7491 3
7492 1
7493 0
7494 2
7495 3
7496 0
7497 3
7498 0
7499 2
7500 1
7501 3
7502 0
7503 3
7504 2
7505 0
7506 1
7507 3
7508 2
7509 0
7510 3
7511 1
7512 0
7513 3
7514 2
7515 0
7516 3
7517 1
7518 0
7519 2
7520 3
7521 0
7522 1
7523 3
7524 2
7525 0
7526 3
7527 1
7528 0
7529 2
7530 3
7531 0
7532 1
7533 3
7534 2
7535 0
7536 3
7537 1
7538 0
7539 2
7540 3
7541 0
7542 1
7543 3
7544 2
7545 0
7546 3
7547 1
7548 0
7549 2
7550 3
7551 0
7552 1
7553 3
7554 2
7555 0
7556 1
7557 3
7558 0
7559 2
7560 3
7561 1
7562 0
7563 3
7564 1
7565 0
7566 2
7567 3
7568 0
7569 1
7570 3
7571 2
7572 0
7573 3
7574 1
7575 0
7576 3
7577 2
7578 0
7579 3
7580 1
7581 0
7582 2
7583 3
7584 0
7585 1
7586 3
7587 2
7588 0
7589 3
7590 1
7591 0
7592 2
7593 3
7594 0
7595 1
7596 3
7597 2
7598 0
7599 3
7600 0
7601 1
7602 2
7603 3
7604 0
7605 3
7606 1
7607 0
7608 2
7609 3
7610 0
7611 3
7612 1
7613 0
7614 2
7615 3
7616 0
7617 1
7618 3
7619 2
7620 0
7621 3
7622 0
7623 1
7624 2
7625 3
7626 0
7627 3
7628 0
7629 1
7630 2
7631 3
7632 0
7633 3
7634 1
7635 0
7636 2
7637 3
7638 0
7639 1
7640 2
7641 3
7642 0
7643 3
7644 0
7645 1
7646 2
7647 3
7648 0
7649 3
7650 0
7651 2
7652 1
7653 3
7654 0
7655 3
7656 2
7657 0
7658 1
7659 3
7660 0
7661 3
7662 2
7663 0
7664 1
7665 3
7666 0
7667 2
7668 3
7669 0
7670 1
7671 3
7672 0
7673 2
7674 3
7675 0
7676 1
7677 3
7678 2
7679 0
7680 3
7681 1
7682 0
7683 3
7684 2
7685 0
7686 3
7687 1
7688 0
7689 2
7690 3
7691 0
7692 1
7693 3
7694 0
7695 2
7696 3
7697 0
7698 1
7699 3
7700 2
7701 0
7702 3
7703 1
7704 0
7705 3
7706 2
7707 0
7708 3
7709 1
7710 0
7711 2
7712 3
7713 0
7714 3
7715 1
7716 2
7717 0
7718 3
7719 0
7720 1
7721 3
7722 2
7723 0
7724 3
7725 0
7726 1
7727 3
7728 2
7729 0
7730 3
7731 1
7732 0
7733 2
7734 3
7735 0
7736 1
7737 3
7738 2
7739 0
7740 3
7741 1
7742 0
7743 2
7744 3
7745 0
7746 3
7747 1
7748 2
7749 0
7750 3
7751 0
7752 3
7753 1
7754 2
7755 0
7756 3
7757 0
7758 1
7759 3
7760 2
7761 0
7762 3
7763 1
7764 0
7765 3
7766 2
7767 0
7768 3
7769 1
7770 0
7771 3
7772 2
7773 0
7774 1
7775 3
7776 0
7777 2
7778 3
7779 0
7780 1
7781 3
7782 0
7783 2
7784 3
7785 0
7786 1
7787 3
7788 0
7789 2
7790 3
7791 1
7792 0
7793 3
7794 2
7795 0
7796 3
7797 1
7798 0
7799 3
7800 2
7801 0
7802 3
7803 1
7804 0
7805 3
7806 2
7807 0
7808 1
7809 3
7810 0
7811 2
7812 3
7813 0
7814 1
7815 3
7816 0
7817 2
7818 3
7819 1
7820 0
7821 3
7822 0
7823 2
7824 1
7825 3
7826 0
7827 3
7828 2
7829 0
7830 1
7831 3
7832 0
7833 3
7834 0
7835 2
7836 1
7837 3
7838 0
7839 3
7840 0
7841 1
7842 3
7843 2
7844 0
7845 3
7846 0
7847 1
7848 2
7849 3
7850 0
7851 3
7852 1
7853 0
7854 2
7855 3
7856 0
7857 1
7858 3
7859 0
7860 2
7861 3
7862 0
7863 1
7864 3
7865 0
7866 2
7867 3
7868 1
7869 0
7870 3
7871 2
7872 0
7873 3
7874 1
7875 0
7876 3
7877 2
7878 0
7879 3
7880 1
7881 0
7882 3
7883 2
7884 0
7885 3
7886 1
7887 0
7888 3
7889 2
7890 0
7891 1
7892 3
7893 0
7894 2
7895 3
7896 0
7897 1
7898 3
7899 0
7900 2
7901 3
7902 0
7903 1
7904 3
7905 2
7906 0
7907 3
7908 1
7909 0
7910 2
7911 3
7912 0
7913 1
7914 3
7915 0
7916 2
7917 3
7918 0
7919 1
7920 3
7921 0
7922 2
7923 3
7924 0
7925 1
7926 3
7927 0
7928 2
7929 3
7930 0
7931 1
7932 3
7933 2
7934 0
7935 1
7936 3
7937 0
7938 2
7939 3
7940 0
7941 1
7942 0
7943 2
7944 0
7945 1
7946 2
7947 0
7948 0
7949 1
7950 2
7951 0
7952 0
7953 1
7954 2
7955 0
7956 1
7957 0
7958 2
7959 0
7960 1
7961 2
7962 0
7963 0
7964 2
7965 1
7966 0
7967 2
7968 0
7969 1
7970 0
7971 2
7972 0
7973 1
7974 2
7975 0
7976 1
7977 0
7978 2
7979 0
7980 2
7981 1
7982 0
7983 0
7984 2
7985 1
7986 0
7987 0
7988 2
7989 3
7990 1
7991 0
7992 3
7993 2
7994 0
7995 1
7996 3
7997 0
7998 2
7999 3
8000 0
8001 1
8002 3
8003 2
8004 0
8005 3
8006 1
8007 0
8008 2
8009 3
8010 0
8011 3
8012 1
8013 2
8014 0
8015 3
8016 0
8017 1
8018 3
8019 2
8020 0
8021 3
8022 0
8023 1
8024 2
8025 3
8026 0
8027 3
8028 0
8029 2
8030 1
8031 3
8032 0
8033 2
8034 3
8035 0
8036 1
8037 3
8038 0
8039 2
8040 3
8041 0
8042 1
8043 3
8044 0
8045 2
8046 3
8047 1
8048 0
8049 3
8050 2
8051 0
8052 1
8053 3
8054 0
8055 3
8056 2
8057 1
8058 0
8059 3
8060 0
8061 2
8062 1
8063 3
8064 0
8065 1
8066 3
8067 0
8068 2
8069 3
8070 0
8071 1
8072 3
8073 0
8074 2
8075 1
8076 3
8077 0
8078 3
8079 2
8080 0
8081 1
8082 3
8083 0
8084 2
8085 3
8086 0
8087 1
8088 3
8089 0
8090 2
8091 3
8092 1
8093 0
8094 3
8095 2
8096 0
8097 3
8098 1
8099 0
8100 3
8101 2
8102 0
8103 3
8104 1
8105 3
8106 2
8107 0
8108 3
8109 1
8110 0
8111 2
8112 3
8113 0
8114 1
8115 3
8116 0
8117 2
8118 3
8119 0
8120 1
8121 2
8122 3
8123 0
8124 3
8125 1
8126 2
8127 0
8128 3
8129 0
8130 1
8131 3
8132 2
8133 0
8134 3
8135 0
8136 2
8137 1
8138 3
8139 0
8140 3
8141 2
8142 0
8143 1
8144 3
8145 0
8146 3
8147 2
8148 0
8149 1
8150 3
8151 0
8152 3
8153 2
8154 1
8155 0
8156 3
8157 0
8158 3
8159 2
8160 1
8161 0
8162 3
8163 0
8164 2
8165 3
8166 1
8167 0
8168 2
8169 3
8170 0
8171 1
8172 3
8173 0
8174 2
8175 3
8176 1
8177 0
8178 2
8179 3
8180 0
8181 1
8182 3
8183 0
8184 2
8185 3
8186 0
8187 1
8188 2
8189 3
8190 0
8191 3
8192 0
8193 1
8194 2
8195 3
8196 0
8197 3
8198 1
8199 0
8200 2
8201 3
8202 0
8203 3
8204 1
8205 0
8206 2
8207 3
8208 0
8209 1
8210 3
8211 2
8212 0
8213 3
8214 0
8215 1
8216 2
8217 3
8218 0
8219 3
8220 0
8221 1
8222 2
8223 3
8224 0
8225 3
8226 1
8227 2
8228 0
8229 3
8230 0
8231 1
8232 3
8233 2
8234 0
8235 3
8236 0
8237 2
8238 3
8239 1
8240 0
8241 3
8242 2
8243 0
8244 1
8245 3
8246 0
8247 2
8248 3
8249 0
8250 1
8251 2
8252 3
8253 0
8254 1
8255 3
8256 0
8257 2
8258 3
8259 0
8260 1
8261 2
8262 3
8263 0
8264 3
8265 0
8266 2
8267 1
8268 3
8269 0
8270 3
8271 2
8272 0
8273 1
8274 3
8275 0
8276 2
8277 3
8278 1
8279 0
8280 2
8281 3
8282 0
8283 1
8284 3
8285 0
8286 2
8287 3
8288 0
8289 1
8290 3
8291 2
8292 0
8293 3
8294 1
8295 0
8296 3
8297 2
8298 0
8299 3
8300 1
8301 0
8302 3
8303 2
8304 0
8305 1
8306 3
8307 0
8308 3
8309 2
8310 1
8311 0
8312 3
8313 0
8314 2
8315 3
8316 1
8317 0
8318 3
8319 0
8320 2
8321 3
8322 1
8323 0
8324 3
8325 2
8326 0
8327 3
8328 1
8329 0
8330 2
8331 3
8332 0
8333 1
8334 3
8335 2
8336 0
8337 3
8338 0
8339 1
8340 2
8341 3
8342 0
8343 3
8344 1
8345 2
8346 0
8347 3
8348 0
8349 3
8350 1
8351 2
8352 0
8353 3
8354 0
8355 2
8356 3
8357 1
8358 0
8359 3
8360 2
8361 0
8362 3
8363 1
8364 0
8365 2
8366 3
8367 0
8368 1
8369 3
8370 0
8371 3
8372 2
8373 1
8374 0
8375 3
8376 0
8377 2
8378 3
8379 1
8380 0
8381 3
8382 2
8383 0
8384 1
8385 3
8386 0
8387 2
8388 3
8389 0
8390 1
8391 3
8392 2
8393 0
8394 3
8395 2
8396 0
8397 1
8398 3
8399 0
8400 3
8401 2
8402 0
8403 1
8404 3
8405 0
8406 2
8407 3
8408 1
8409 0
8410 3
8411 2
8412 0
8413 3
8414 1
8415 0
8416 2
8417 3
8418 0
8419 1
8420 3
8421 2
8422 0
8423 3
8424 1
8425 2
8426 0
8427 3
8428 0
8429 2
8430 3
8431 1
8432 0
8433 3
8434 2
8435 0
8436 1
8437 3
8438 0
8439 2
8440 3
8441 0
8442 1
8443 3
8444 2
8445 0
8446 3
8447 1
8448 0
8449 2
8450 3
8451 0
8452 1
8453 3
8454 2
8455 0
8456 3
8457 0
8458 1
8459 2
8460 3
8461 0
8462 3
8463 2
8464 0
8465 3
8466 1
8467 0
8468 2
8469 3
8470 3
8471 1
8472 2
8473 3
8474 1
8475 2
8476 3
8477 3
8478 1
8479 2
8480 3
8481 3
8482 1
8483 2
8484 3
8485 3
8486 1
8487 2
8488 3
8489 3
8490 2
8491 1
8492 3
8493 2
8494 1
8495 3
8496 3
8497 1
8498 2
8499 3
8500 2
8501 3
8502 1
8503 3
8504 2
8505 3
8506 1
8507 2
8508 3
8509 1
8510 3
8511 2
8512 3
8513 1
8514 3
8515 2
8516 3
8517 1
8518 3
8519 2
8520 3
8521 1
8522 2
8523 3
8524 1
8525 3
8526 2
8527 3
8528 1
8529 0
8530 2
8531 3
8532 0
8533 3
8534 2
8535 1
8536 0
8537 3
8538 0
8539 2
8540 3
8541 1
8542 0
8543 3
8544 2
8545 0
8546 3
8547 1
8548 0
8549 3
8550 2
8551 0
8552 1
8553 3
8554 2
8555 0
8556 3
8557 1
8558 0
8559 2
8560 3
8561 0
8562 1
8563 2
8564 0
8565 3
8566 1
8567 0
8568 3
8569 2
8570 0
8571 3
8572 1
8573 0
8574 3
8575 2
8576 0
8577 3
8578 1
8579 0
8580 2
8581 3
8582 0
8583 1
8584 3
8585 0
8586 2
8587 3
8588 1
8589 0
8590 3
8591 2
8592 0
8593 1
8594 3
8595 0
8596 2
8597 3
8598 1
8599 0
8600 3
8601 2
8602 0
8603 1
8604 3
8605 0
8606 3
8607 2
8608 0
8609 1
8610 3
8611 0
8612 2
8613 3
8614 1
8615 0
8616 3
8617 2
8618 0
8619 1
8620 3
8621 0
8622 2
8623 3
8624 0
8625 1
8626 3
8627 2
8628 0
8629 3
8630 0
8631 3
8632 2
8633 1
8634 0
8635 3
8636 0
8637 2
8638 3
8639 1
8640 0
8641 3
8642 0
8643 2
8644 1
8645 3
8646 0
8647 3
8648 0
8649 2
8650 1
8651 3
8652 0
8653 2
8654 3
8655 0
8656 1
8657 3
8658 0
8659 2
8660 3
8661 1
8662 0
8663 3
8664 2
8665 0
8666 3
8667 1
8668 0
8669 2
8670 3
8671 0
8672 1
8673 3
8674 2
8675 0
8676 3
8677 0
8678 1
8679 2
8680 3
8681 0
8682 3
8683 1
8684 2
8685 0
8686 3
8687 0
8688 3
8689 1
8690 2
8691 0
8692 3
8693 0
8694 3
8695 1
8696 2
8697 0
8698 3
8699 0
8700 3
8701 2
8702 1
8703 0
8704 3
8705 0
8706 2
8707 3
8708 1
8709 0
8710 3
8711 0
8712 2
8713 1
8714 3
8715 0
8716 3
8717 0
8718 2
8719 1
8720 3
8721 0
8722 3
8723 1
8724 0
8725 2
8726 3
8727 0
8728 1
8729 3
8730 2
8731 0
8732 3
8733 0
8734 1
8735 3
8736 2
8737 0
8738 3
8739 1
8740 0
8741 3
8742 2
8743 0
8744 3
8745 1
8746 0
8747 3
8748 2
8749 0
8750 1
8751 3
8752 0
8753 2
8754 3
8755 0
8756 1
8757 3
8758 0
8759 2
8760 3
8761 1
8762 0
8763 3
8764 2
8765 0
8766 3
8767 1
8768 0
8769 3
8770 2
8771 0
8772 1
8773 3
8774 0
8775 2
8776 3
8777 0
8778 1
8779 3
8780 0
8781 2
8782 3
8783 0
8784 1
8785 3
8786 0
8787 2
8788 3
8789 1
8790 0
8791 3
8792 0
8793 2
8794 3
8795 1
8796 0
8797 3
8798 0
8799 2
8800 3
8801 1
8802 0
8803 3
8804 2
8805 0
8806 3
8807 1
8808 0
8809 2
8810 3
8811 0
8812 1
8813 3
8814 0
8815 2
8816 3
8817 0
8818 1
8819 3
8820 0
8821 2
8822 3
8823 0
8824 1
8825 3
8826 0
8827 2
8828 1
8829 3
8830 0
8831 3
8832 0
8833 1
8834 2
8835 3
8836 0
8837 3
8838 1
8839 0
8840 2
8841 3
8842 0
8843 3
8844 1
8845 0
8846 2
8847 3
8848 0
8849 1
8850 3
8851 2
8852 0
8853 3
8854 0
8855 1
8856 2
8857 3
8858 0
8859 3
8860 1
8861 0
8862 2
8863 3
8864 0
8865 1
8866 2
8867 3
8868 0
8869 3
8870 2
8871 0
8872 1
8873 3
8874 0
8875 2
8876 3
8877 0
8878 1
8879 3
8880 2
8881 0
8882 3
8883 1
8884 0
8885 2
8886 3
8887 0
8888 1
8889 3
8890 2
8891 0
8892 3
8893 1
8894 2
8895 0
8896 3
8897 0
8898 3
8899 2
8900 1
8901 0
8902 3
8903 0
8904 2
8905 3
8906 1
8907 0
8908 3
8909 2
8910 0
8911 1
8912 3
8913 0
8914 2
8915 3
8916 0
8917 1
8918 3
8919 2
8920 0
8921 3
8922 1
8923 0
8924 2
8925 3
8926 0
8927 1
8928 3
8929 2
8930 0
8931 3
8932 0
8933 1
8934 3
8935 2
8936 0
8937 3
8938 0
8939 1
8940 3
8941 2
8942 0
8943 3
8944 1
8945 0
8946 2
8947 3
8948 0
8949 3
8950 1
8951 0
8952 2
8953 3
8954 0
8955 1
8956 3
8957 2
8958 0
8959 3
8960 0
8961 2
8962 1
8963 3
8964 0
8965 3
8966 2
8967 0
8968 1
8969 3
8970 0
8971 2
8972 3
8973 0
8974 1
8975 3
8976 2
8977 0
8978 3
8979 1
8980 0
8981 2
8982 3
8983 0
8984 1
8985 3
8986 2
8987 0
8988 3
8989 0
8990 1
8991 2
8992 3
8993 0
8994 3
8995 2
8996 0
8997 3
8998 1
8999 0
9000 2
9001 3
9002 0
9003 1
9004 3
9005 2
9006 0
9007 3
9008 0
9009 1
9010 2
9011 3
9012 0
9013 3
9014 0
9015 1
9016 2
9017 3
9018 0
9019 3
9020 2
9021 0
9022 1
9023 3
9024 0
9025 2
9026 3
9027 0
9028 1
9029 3
9030 0
9031 2
9032 3
9033 0
9034 1
9035 3
9036 2
9037 0
9038 3
9039 1
9040 0
9041 2
9042 3
9043 0
9044 1
9045 3
9046 2
9047 0
9048 3
9049 0
9050 1
9051 2
9052 3
9053 0
9054 3
9055 1
9056 0
9057 2
9058 3
9059 0
9060 1
9061 3
9062 0
9063 2
9064 3
9065 0
9066 1
9067 3
9068 0
9069 2
9070 3
9071 1
9072 0
9073 3
9074 2
9075 0
9076 1
9077 3
9078 0
9079 2
9080 3
9081 0
9082 1
9083 3
9084 0
9085 2
9086 1
9087 3
9088 0
9089 3
9090 0
9091 2
9092 1
9093 3
9094 0
9095 3
9096 2
9097 0
9098 1
9099 3
9100 0
9101 3
9102 2
9103 0
9104 1
9105 3
9106 0
9107 3
9108 2
9109 1
9110 0
9111 3
9112 0
9113 3
9114 1
9115 2
9116 0
9117 3
9118 0
9119 1
9120 3
9121 2
9122 0
9123 3
9124 1
9125 0
9126 2
9127 3
9128 0
9129 1
9130 3
9131 2
9132 0
9133 3
9134 1
9135 0
9136 2
9137 3
9138 0
9139 1
9140 3
9141 2
9142 0
9143 3
9144 0
9145 1
9146 3
9147 2
9148 0
9149 3
9150 0
9151 1
9152 2
9153 3
9154 0
9155 3
9156 0
9157 1
9158 2
9159 3
9160 0
9161 3
9162 2
9163 0
9164 1
9165 3
9166 0
9167 2
9168 3
9169 0
9170 1
9171 3
9172 2
9173 0
9174 3
9175 1
9176 0
9177 2
9178 3
9179 0
9180 1
9181 3
9182 2
9183 0
9184 3
9185 1
9186 0
9187 2
9188 3
9189 0
9190 3
9191 1
9192 2
9193 0
9194 3
9195 0
9196 2
9197 3
9198 1
9199 0
9200 3
9201 2
9202 0
9203 3
9204 1
9205 0
9206 2
9207 3
9208 0
9209 1
9210 3
9211 2
9212 0
9213 3
9214 1
9215 0
9216 2
9217 3
9218 0
9219 3
9220 1
9221 0
9222 3
9223 2
9224 0
9225 1
9226 3
9227 0
9228 2
9229 3
9230 1
9231 0
9232 3
9233 2
9234 0
9235 3
9236 1
9237 0
9238 2
9239 3
9240 0
9241 1
9242 3
9243 2
9244 0
9245 3
9246 1
9247 0
9248 3
9249 2
9250 0
9251 3
9252 1
9253 0
9254 3
9255 2
9256 0
9257 1
9258 3
9259 2
9260 0
9261 3
9262 1
9263 0
9264 2
9265 3
9266 1
9267 0
9268 3
9269 2
9270 0
9271 3
9272 1
9273 0
9274 2
9275 3
9276 0
9277 3
9278 1
9279 2
9280 0
9281 3
9282 0
9283 3
9284 1
9285 2
9286 0
9287 3
9288 0
9289 3
9290 1
9291 2
9292 0
9293 3
9294 0
9295 3
9296 1
9297 2
9298 0
9299 3
9300 0
9301 2
9302 3
9303 1
9304 0
9305 3
9306 2
9307 0
9308 1
9309 3
9310 0
9311 2
9312 3
9313 0
9314 1
9315 3
9316 0
9317 2
9318 3
9319 1
9320 0
9321 3
9322 2
9323 0
9324 3
9325 1
9326 0
9327 2
9328 3
9329 0
9330 1
9331 3
9332 0
9333 2
9334 3
9335 0
9336 1
9337 3
9338 0
9339 2
9340 3
9341 0
9342 1
9343 3
9344 0
9345 2
9346 1
9347 3
9348 0
9349 3
9350 0
9351 1
9352 2
9353 3
9354 0
9355 3
9356 0
9357 1
9358 2
9359 3
9360 0
9361 3
9362 1
9363 2
9364 0
9365 3
9366 0
9367 3
9368 1
9369 2
9370 0
9371 3
9372 0
9373 3
9374 2
9375 1
9376 0
9377 3
9378 0
9379 3
9380 2
9381 1
9382 0
9383 3
9384 0
9385 3
9386 2
9387 1
9388 0
9389 3
9390 0
9391 3
9392 2
9393 1
9394 0
9395 3
9396 0
9397 2
9398 3
9399 1
9400 0
9401 3
9402 2
9403 0
9404 1
9405 3
9406 0
9407 2
9408 3
9409 0
9410 1
9411 3
9412 2
9413 0
9414 3
9415 1
9416 0
9417 2
9418 3
9419 0
9420 2
9421 1
9422 0
9423 3
9424 2
9425 0
9426 3
9427 1
9428 0
9429 3
9430 2
9431 0
9432 3
9433 1
9434 2
9435 0
9436 3
9437 1
9438 0
9439 3
9440 2
9441 0
9442 3
9443 1
9444 2
9445 0
9446 3
9447 0
9448 1
9449 2
9450 3
9451 0
9452 3
9453 2
9454 0
9455 1
9456 3
9457 0
9458 2
9459 3
9460 1
9461 0
9462 3
9463 2
9464 0
9465 3
9466 1
9467 2
9468 0
9469 3
9470 1
9471 0
9472 3
9473 2
9474 0
9475 3
9476 1
9477 0
9478 2
9479 3
9480 0
9481 3
9482 1
9483 2
9484 0
9485 3
9486 0
9487 1
9488 2
9489 3
9490 0
9491 3
9492 2
9493 0
9494 1
9495 3
9496 0
9497 2
9498 3
9499 0
9500 1
9501 3
9502 2
9503 0
9504 3
9505 0
9506 1
9507 2
9508 3
9509 0
9510 3
9511 1
9512 0
9513 2
9514 3
9515 0
9516 3
9517 1
9518 2
9519 0
9520 3
9521 0
9522 3
9523 2
9524 1
9525 0
9526 3
9527 2
9528 0
9529 3
9530 1
9531 0
9532 3
9533 2
9534 0
9535 1
9536 3
9537 2
9538 0
9539 3
9540 1
9541 0
9542 3
9543 2
9544 0
9545 3
9546 1
9547 0
9548 3
9549 2
9550 0
9551 1
9552 3
9553 0
9554 3
9555 2
9556 1
9557 0
9558 3
9559 0
9560 2
9561 3
9562 1
9563 0
9564 3
9565 2
9566 0
9567 3
9568 1
9569 0
9570 2
9571 3
9572 0
9573 1
9574 3
9575 2
9576 0
9577 3
9578 1
9579 2
9580 0
9581 3
9582 0
9583 2
9584 1
9585 3
9586 0
9587 3
9588 2
9589 1
9590 0
9591 3
9592 0
9593 2
9594 3
9595 1
9596 0
9597 3
9598 2
9599 0
9600 3
9601 1
9602 0
9603 2
9604 3
9605 0
9606 1
9607 3
9608 2
9609 0
9610 3
9611 0
9612 2
9613 1
9614 3
9615 0
9616 3
9617 0
9618 1
9619 2
9620 3
9621 0
9622 3
9623 2
9624 0
9625 1
9626 3
9627 0
9628 3
9629 2
9630 0
9631 1
9632 3
9633 2
9634 0
9635 3
9636 1
9637 0
9638 3
9639 2
9640 0
9641 3
9642 1
9643 0
9644 2
9645 3
9646 0
9647 1
9648 3
9649 2
9650 0
9651 3
9652 0
9653 2
9654 1
9655 3
9656 0
9657 2
9658 3
9659 0
9660 1
9661 3
9662 2
9663 0
9664 3
9665 1
9666 0
9667 2
9668 3
9669 0
9670 2
9671 3
9672 0
9673 1
9674 3
9675 0
9676 2
9677 1
9678 3
9679 0
9680 2
9681 3
9682 0
9683 1
9684 3
9685 0
9686 2
9687 1
9688 3
9689 0
9690 2
9691 3
9692 1
9693 0
9694 3
9695 2
9696 0
9697 1
9698 3
9699 0
9700 2
9701 3
9702 1
9703 0
9704 3
9705 2
9706 0
9707 1
9708 3
9709 0
9710 2
9711 3
9712 1
9713 0
9714 3
9715 2
9716 0
9717 1
9718 3
9719 0
9720 2
9721 3
9722 1
9723 0
9724 3
9725 2
9726 0
9727 3
9728 1
9729 0
9730 3
9731 2
9732 0
9733 1
9734 3
9735 2
9736 0
9737 3
9738 1
9739 0
9740 3
9741 2
9742 0
9743 3
9744 1
9745 0
9746 2
9747 3
9748 0
9749 3
9750 1
9751 2
9752 0
9753 3
9754 0
9755 3
9756 2
9757 1
9758 0
9759 3
9760 0
9761 3
9762 2
9763 1
9764 0
9765 3
9766 0
9767 2
9768 3
9769 1
9770 0
9771 3
9772 2
9773 0
9774 3
9775 1
9776 0
9777 2
9778 3
9779 0
9780 1
9781 3
9782 2
9783 0
9784 3
9785 1
9786 0
9787 2
9788 3
9789 0
9790 1
9791 3
9792 2
9793 0
9794 3
9795 1
9796 0
9797 2
9798 3
9799 0
9800 1
9801 3
9802 2
9803 0
9804 3
9805 1
9806 0
9807 3
9808 2
9809 0
9810 3
9811 1
9812 0
9813 2
9814 3
9815 0
9816 3
9817 1
9818 2
9819 0
9820 3
9821 1
9822 0
9823 2
9824 3
9825 0
9826 1
9827 2
9828 0
9829 0
9830 2
9831 1
9832 0
9833 2
9834 0
9835 1
9836 0
9837 2
9838 0
9839 1
9840 2
9841 0
9842 2
9843 0
9844 1
9845 0
9846 2
9847 1
9848 0
9849 2
9850 0
9851 1
9852 0
9853 2
9854 0
9855 1
9856 2
9857 0
9858 1
9859 0
9860 2
9861 0
9862 1
9863 2
9864 0
9865 0
9866 2
9867 1
9868 0
9869 0
9870 2
9871 1
9872 0
9873 2
9874 0
9875 1
9876 0
9877 2
9878 0
9879 1
9880 2
9881 0
9882 0
9883 3
9884 2
9885 1
9886 0
9887 3
9888 0
9889 2
9890 3
9891 1
9892 0
9893 3
9894 0
9895 2
9896 1
9897 3
9898 0
9899 3
9900 2
9901 0
9902 1
9903 3
9904 0
9905 2
9906 3
9907 0
9908 1
9909 3
9910 0
9911 2
9912 3
9913 1
9914 0
9915 3
9916 2
9917 0
9918 1
9919 3
9920 0
9921 2
9922 3
9923 0
9924 1
9925 3
9926 2
9927 0
9928 3
9929 1
9930 0
9931 3
9932 2
9933 0
9934 3
9935 1
9936 2
9937 0
9938 3
9939 0
9940 1
9941 3
9942 2
9943 0
9944 3
9945 1
9946 0
9947 2
9948 3
9949 0
9950 1
9951 3
9952 0
9953 3
9954 0
9955 1
9956 3
9957 0
9958 3
9959 0
9960 1
9961 3
9962 0
9963 3
9964 0
9965 1
9966 3
9967 0
9968 3
9969 1
9970 0
9971 3
9972 0
9973 1
9974 3
9975 0
9976 3
9977 0
9978 1
9979 3
9980 0
9981 3
9982 1
9983 0
9984 3
9985 0
9986 3
9987 1
9988 0
9989 3
9990 0
9991 3
9992 1
9993 0
9994 3
9995 0
9996 3
9997 1
9998 0
9999 3
